8 15 9 9 11 7 19 15 13 11 1 11 1 2 17 11 1 7 17 15 13 1 12 1 1 17 12 4 7 15 5 13 17 20 12 6 8 8 20 12 4 1 17 20 1 4 4 19 20 20 4 5 20 19 5 18 12 12 20 1 1 4 15 20 20 12 5 4 20 14 12 12 1 17 19 12 5 7 15 17 11 17 12 15 9 12 15 15 2 1 19 20 17 1 4 17 17 12 18 19 
1 20 17 13 11 19 17 1 20 17 12 1 12 11 5 9 1 14 4 1 1 17 17 11 17 11 4 1 20 1 17 13 17 13 17 5 11 15 4 1 1 1 11 17 12 17 11 9 11 19 12 15 17 17 1 19 1 7 13 17 20 13 6 6 17 5 19 1 15 1 11 4 6 11 19 4 15 17 12 17 11 6 1 12 12 6 15 5 5 5 1 5 1 11 15 4 1 17 5 15 
6 9 17 7 1 1 1 7 19 19 5 15 1 1 14 1 6 1 4 19 19 7 15 14 12 4 12 17 6 19 17 17 15 11 1 19 17 9 13 14 19 11 4 6 15 17 1 13 13 12 11 17 11 12 6 15 3 19 5 4 11 9 12 12 5 6 7 19 3 7 3 5 13 6 12 4 1 7 16 13 15 6 17 11 12 4 8 3 12 15 13 15 17 4 1 9 17 1 5 12 
9 9 11 17 11 11 1 5 11 11 17 19 11 15 10 5 6 5 11 1 13 6 15 4 19 14 1 5 8 18 1 9 3 1 19 1 11 1 1 9 5 7 7 11 5 6 14 4 5 17 6 16 5 12 3 12 11 17 16 20 13 1 1 11 11 7 20 16 11 13 3 3 3 11 9 17 13 17 15 14 3 3 1 1 1 13 14 13 1 1 1 13 19 1 5 19 3 4 5 12 
11 12 17 19 15 10 11 20 7 17 7 10 5 10 1 15 3 5 4 5 12 9 20 18 11 4 20 1 12 12 12 15 11 5 19 15 11 1 12 7 10 11 4 15 14 5 1 1 9 6 6 5 4 15 11 11 1 5 12 3 9 4 6 19 17 9 7 20 7 1 12 17 15 4 19 4 5 12 20 18 1 17 4 5 15 19 1 7 1 15 9 16 11 17 15 17 9 17 5 1 
6 7 14 12 19 15 12 17 6 11 13 3 14 11 16 8 15 15 12 11 17 3 10 14 19 3 1 3 12 19 9 15 9 17 3 20 12 1 18 15 3 18 3 16 12 1 14 14 5 12 5 3 13 16 3 10 1 19 15 16 11 16 4 2 11 4 16 13 8 3 11 12 12 11 5 11 15 11 14 3 14 15 2 11 14 3 11 11 4 11 11 15 7 12 15 12 11 11 19 11 
7 16 1 9 14 11 19 1 1 2 11 11 1 15 11 15 17 1 14 13 1 1 14 15 14 20 15 17 11 19 19 6 5 4 15 15 4 1 5 13 6 14 4 14 1 5 14 1 5 15 17 15 16 6 17 12 16 19 5 14 17 20 13 12 5 15 5 3 6 5 1 14 10 11 11 5 12 11 5 7 5 14 19 13 1 4 5 20 17 1 11 16 1 11 20 11 14 7 4 1 
9 20 11 2 11 19 19 1 11 15 5 2 13 17 12 4 17 7 1 15 2 9 5 14 7 6 14 11 12 19 5 16 18 13 14 14 15 4 11 13 11 16 12 15 5 5 16 20 4 5 1 0 0 0 0 0 0 0 0 0 0 0 0 0 0 0 0 0 0 0 0 0 0 0 0 0 0 0 0 0 0 0 0 0 0 0 0 0 0 0 0 0 0 0 0 0 0 0 0 0 
9 11 17 1 11 15 11 11 1 1 5 19 11 1 5 2 15 15 8 15 15 12 10 1 12 17 13 10 9 15 4 9 7 7 7 8 16 5 1 15 5 20 11 14 3 8 17 11 3 15 9 1 11 1 6 1 13 8 15 4 20 11 3 13 4 11 1 10 9 4 11 19 19 7 8 4 8 11 4 5 4 16 8 4 20 19 7 13 11 4 1 3 6 3 9 3 11 9 1 19 
12 13 8 6 6 2 12 10 17 13 2 15 13 5 5 1 5 3 11 14 17 19 9 3 9 17 2 9 11 15 6 15 14 6 19 5 1 15 11 11 11 5 5 14 7 1 6 1 17 14 11 15 5 17 13 3 11 8 6 15 3 4 12 20 3 9 11 11 14 19 11 15 14 11 5 1 5 4 5 10 18 15 8 16 16 7 12 5 5 15 12 5 15 12 5 12 5 19 5 5 
17 9 15 19 13 3 9 12 6 11 9 16 9 3 9 15 15 15 11 16 12 16 9 6 6 13 14 11 7 1 17 17 11 1 6 11 1 15 15 6 19 12 1 1 4 1 5 12 1 5 13 1 14 19 12 1 3 5 7 17 19 17 19 12 13 1 12 9 1 17 5 12 12 5 12 1 17 17 6 17 1 1 4 19 12 7 3 12 6 1 11 5 6 5 5 5 17 7 15 17 
16 14 11 9 7 11 7 15 15 17 11 17 11 14 7 15 6 8 6 15 13 11 8 1 3 19 1 11 17 13 3 15 7 11 4 12 5 1 6 15 14 13 15 17 15 17 1 5 5 17 7 20 12 19 3 15 4 7 15 7 19 4 19 5 13 17 1 1 1 15 6 19 13 17 1 4 12 17 6 9 12 1 12 1 5 7 12 11 11 3 15 12 6 15 1 5 19 7 7 11 
20 11 16 16 13 2 14 15 15 11 13 7 14 16 15 1 18 16 11 8 1 11 1 1 1 11 1 11 1 5 10 1 16 11 1 1 1 1 13 1 14 13 14 14 19 1 5 1 14 8 1 13 4 1 5 13 3 5 3 6 4 8 16 4 12 17 11 7 19 6 5 19 5 7 12 11 4 4 14 4 5 9 4 7 8 9 12 5 16 11 17 11 19 5 10 19 5 1 14 4 
8 7 5 10 12 16 1 17 14 2 16 5 1 19 16 1 11 1 11 1 11 11 5 1 5 10 18 17 11 15 14 14 15 1 18 11 9 11 14 15 11 11 17 4 4 3 11 3 11 19 11 14 17 5 10 15 11 3 4 6 9 16 15 11 13 3 15 1 15 1 17 14 14 15 15 15 14 19 1 9 14 15 5 8 14 15 14 5 1 19 17 5 4 15 15 16 5 5 9 4 
12 16 20 11 16 20 15 1 19 1 16 5 6 7 1 19 15 3 6 1 16 9 2 19 8 9 15 19 16 16 11 2 6 14 19 11 11 7 14 19 11 6 15 1 5 15 11 1 5 17 19 12 12 3 11 5 20 13 11 6 16 4 6 1 3 12 9 5 6 16 1 17 12 7 1 7 20 9 13 5 19 10 14 15 15 3 7 14 20 20 15 4 16 19 17 11 15 11 18 1 
17 13 16 11 11 9 20 5 7 11 15 11 1 11 1 1 14 11 15 1 2 1 6 4 15 11 17 19 7 5 4 15 11 15 4 5 12 12 5 16 18 17 18 4 15 5 13 12 9 11 20 4 3 13 11 1 3 16 20 5 11 3 11 15 14 15 15 12 5 15 1 1 5 5 1 17 1 14 3 11 13 16 13 1 5 9 1 8 19 1 10 11 5 14 12 15 12 20 6 14 
7 17 15 16 6 9 14 6 17 1 5 15 11 11 11 11 15 19 1 1 13 1 1 20 17 3 17 5 13 14 5 12 14 1 15 16 17 1 3 6 13 15 4 18 5 11 5 16 10 9 1 4 3 1 20 1 1 5 7 17 5 12 5 19 9 7 5 1 4 15 4 14 1 8 14 3 1 9 4 16 1 19 4 14 17 5 1 8 17 16 5 15 14 9 20 7 19 20 17 11 
3 9 11 5 19 9 15 1 16 1 1 6 5 18 14 3 7 5 19 8 16 1 13 18 15 1 10 11 7 2 11 17 1 7 5 1 13 1 15 15 20 7 3 12 5 9 1 5 4 14 1 15 18 16 15 15 3 6 12 1 3 18 5 11 5 1 7 8 4 13 1 1 5 20 17 5 9 7 9 11 6 8 14 1 9 19 7 16 20 5 16 19 1 5 5 6 3 15 6 1 
7 17 15 16 6 9 14 6 17 1 5 15 11 11 11 11 15 19 1 1 8 5 13 20 11 3 1 5 9 14 5 4 14 1 15 16 15 17 3 6 13 15 4 18 5 11 4 16 10 9 1 12 3 1 20 1 1 5 7 17 5 15 5 19 9 7 5 1 4 15 4 14 12 8 14 3 1 9 4 16 1 19 4 14 17 5 1 8 17 16 5 15 14 13 20 7 19 20 12 11 
9 17 9 5 6 13 15 1 7 14 17 5 14 5 20 14 11 9 1 11 15 5 19 14 20 5 1 11 11 2 2 11 1 15 11 17 1 13 1 1 14 20 19 3 17 5 9 11 5 4 1 1 15 18 16 15 12 3 6 9 1 4 18 5 11 5 1 19 1 4 20 1 1 5 20 17 5 5 19 9 7 13 8 6 5 9 19 7 13 1 6 8 1 4 5 13 1 14 19 2 
14 17 13 20 15 6 7 1 7 1 19 15 1 1 11 1 15 10 19 6 14 15 13 1 1 18 19 4 19 4 15 11 14 15 15 11 19 15 13 11 14 14 3 11 13 1 7 7 14 1 13 1 15 17 5 6 17 9 19 5 17 10 14 12 20 19 20 13 12 17 7 14 19 20 5 12 5 17 11 12 5 19 17 13 17 5 15 4 17 12 4 17 16 5 13 1 7 5 20 12 
16 9 16 11 1 5 19 1 1 11 15 11 10 1 1 14 1 1 9 1 5 12 11 20 19 6 5 4 15 11 15 4 4 5 12 20 9 11 17 5 11 14 14 1 14 20 20 13 5 16 6 15 12 5 14 19 18 19 3 20 11 14 5 11 17 5 11 5 15 15 4 20 1 20 5 5 1 17 5 1 7 12 11 1 5 7 15 1 5 17 5 1 5 7 17 13 17 5 11 13 
15 18 13 18 16 3 1 17 1 9 11 9 16 9 20 1 16 19 9 14 7 15 14 12 13 9 15 3 20 5 13 7 7 9 1 16 1 1 11 1 2 1 19 1 1 1 11 5 6 6 15 14 11 1 10 1 4 12 13 19 15 20 1 4 1 13 14 8 11 4 17 14 14 7 15 20 15 17 4 3 1 17 19 13 19 17 5 15 5 20 1 5 5 4 5 1 5 12 4 15 
12 9 20 17 19 18 12 3 15 17 5 17 18 19 19 17 15 3 11 17 16 9 5 5 11 16 14 16 13 7 9 16 17 19 11 5 11 7 1 5 11 11 10 14 15 10 14 1 11 1 1 1 20 4 12 13 17 7 5 16 5 3 17 15 9 15 10 8 15 1 17 1 9 12 17 17 7 15 5 5 20 17 15 7 5 19 13 1 15 8 5 5 17 5 5 19 15 15 1 5 
17 17 10 6 4 15 9 5 12 1 16 16 15 14 18 16 11 12 1 11 19 2 2 10 1 11 1 5 20 1 13 1 1 14 8 19 15 5 13 1 5 4 14 1 15 18 16 15 1 3 6 12 1 12 18 5 11 5 1 7 8 1 4 3 1 20 1 1 20 17 5 13 9 19 5 7 6 17 14 19 8 9 11 19 5 20 16 14 7 5 6 1 5 5 19 16 14 6 15 6 
9 9 9 9 14 9 15 7 9 16 15 8 13 12 13 9 17 7 11 9 16 14 11 18 11 10 14 11 11 7 15 5 6 1 15 19 20 1 12 12 11 18 4 11 11 12 14 9 19 5 5 3 20 19 8 18 19 9 5 15 13 20 2 1 18 18 3 6 5 2 12 19 18 5 1 12 8 5 20 4 12 13 12 1 5 15 5 11 5 17 5 12 4 19 5 15 15 6 12 13 
13 6 13 12 5 13 9 6 19 6 3 3 17 6 12 14 5 15 7 17 20 9 20 6 17 7 8 15 15 11 6 8 17 4 1 15 9 4 7 18 15 13 19 16 9 13 6 4 6 7 14 5 9 17 14 19 2 19 5 19 2 20 7 1 14 20 9 12 4 11 15 15 1 6 1 18 15 12 6 5 19 15 1 9 12 5 5 12 11 12 17 1 12 12 20 17 7 11 6 6 
1 6 9 16 11 7 15 9 6 7 15 9 5 15 6 9 11 12 9 7 15 9 9 7 6 17 11 12 13 7 11 9 2 3 9 11 9 16 8 9 9 1 11 9 14 7 9 9 11 15 12 16 12 9 15 6 11 9 1 15 19 11 11 7 5 1 11 5 11 15 16 1 12 3 2 16 20 15 18 15 15 5 14 14 15 20 2 15 17 15 1 5 12 5 20 9 15 5 20 15 
9 9 9 11 16 9 6 11 1 17 1 15 11 2 5 17 11 6 17 12 15 12 1 17 5 17 7 7 14 12 12 5 15 19 15 12 17 4 1 5 11 19 5 5 19 6 12 12 5 4 7 7 13 7 19 12 5 5 16 3 7 9 7 15 1 4 9 1 1 7 5 7 12 17 11 9 3 14 4 6 19 7 5 12 4 11 12 6 15 19 17 12 7 1 5 11 4 7 12 11 
12 9 20 11 9 20 15 8 7 17 5 5 11 19 1 19 15 3 11 17 16 9 19 15 19 5 17 15 16 9 9 19 7 11 5 7 11 15 15 7 20 5 15 20 5 3 17 1 6 1 1 10 11 4 7 12 12 7 18 17 16 4 20 11 4 11 1 13 16 5 16 14 5 1 17 12 19 11 10 10 5 11 14 4 19 15 12 5 1 17 1 5 8 6 19 4 11 11 15 15 
9 14 15 11 1 16 11 14 16 20 11 5 1 2 1 11 1 1 11 1 1 11 1 19 1 14 11 1 14 1 13 1 13 17 14 14 1 5 11 5 1 1 3 19 16 13 20 11 15 5 11 14 15 4 1 11 16 13 13 1 15 18 11 1 14 1 11 11 14 20 5 11 17 4 1 13 11 13 20 19 11 5 11 11 13 16 1 16 1 1 1 3 1 4 11 1 10 15 13 5 
12 9 9 5 11 7 17 1 17 8 17 5 14 5 20 14 11 9 1 11 15 2 19 14 20 5 1 11 11 2 2 11 1 15 11 17 1 13 1 1 14 20 19 3 1 5 9 11 5 4 1 1 15 18 16 15 12 3 6 9 1 4 2 5 11 5 1 19 1 4 20 1 1 5 20 17 5 5 19 9 7 13 8 6 5 9 19 12 13 1 6 8 1 4 5 13 1 14 19 2 
9 19 12 9 13 14 5 13 17 5 16 19 6 11 11 9 1 11 12 16 1 19 11 2 1 11 1 17 11 5 17 1 13 1 1 20 19 3 15 5 16 1 5 12 14 4 15 18 16 15 15 3 6 12 1 3 18 5 11 5 1 7 12 1 13 13 1 20 1 5 5 9 5 19 9 11 5 6 4 13 20 5 17 19 19 17 15 14 7 20 14 1 5 5 19 16 14 6 15 6 
2 6 11 15 16 11 1 20 1 3 12 7 4 5 15 15 17 7 15 12 16 4 7 15 5 15 11 12 7 5 7 12 9 4 1 7 4 7 12 5 17 19 12 7 9 4 20 6 15 19 1 17 2 12 5 13 15 15 17 2 14 3 5 5 11 12 1 15 9 7 15 1 15 19 5 1 15 17 7 19 15 4 5 17 13 13 11 4 17 15 12 15 13 13 5 12 15 4 9 15 
12 2 16 6 2 6 19 12 5 7 19 3 7 16 17 1 14 3 3 20 13 12 9 14 19 11 19 5 15 13 15 4 5 11 11 7 4 12 8 1 4 7 3 4 5 7 6 15 17 11 8 7 5 12 5 20 12 5 1 19 4 19 7 12 5 1 1 11 10 4 15 5 15 1 14 11 7 5 1 6 4 15 5 15 20 16 4 12 15 17 12 4 5 19 7 7 7 5 12 12 
19 5 15 8 16 1 5 18 11 20 16 1 17 6 11 11 20 1 1 12 2 1 20 14 1 12 1 13 15 19 15 5 15 5 13 15 12 5 14 7 17 15 14 8 18 19 19 5 5 3 11 7 19 5 4 17 5 1 5 17 11 11 7 3 1 5 5 17 11 12 1 20 7 5 15 4 12 1 19 5 17 5 1 17 19 4 4 5 16 16 5 5 7 15 6 4 16 5 11 5 
14 15 4 11 14 8 17 14 14 1 15 5 5 4 16 19 7 15 5 7 11 13 13 4 11 5 15 18 11 1 14 4 1 1 9 15 14 15 3 14 5 9 1 1 3 9 7 5 19 10 14 12 3 4 11 5 9 18 11 19 14 5 1 13 9 12 12 14 3 14 17 11 4 3 7 16 1 11 3 9 1 3 14 4 13 1 20 11 14 14 13 3 16 14 14 1 5 1 5 16 
8 15 9 9 11 19 19 15 13 11 1 11 1 2 17 11 1 7 17 15 13 1 12 1 17 17 20 4 17 6 5 20 8 4 4 1 17 19 6 5 18 4 4 17 12 4 8 4 20 11 17 20 5 5 20 19 20 12 17 14 1 15 4 15 5 20 6 4 9 6 4 17 19 12 5 19 7 17 20 20 8 12 17 19 17 7 8 10 20 4 8 4 20 20 11 18 12 20 12 13 
1 19 13 1 17 17 4 17 14 1 19 17 14 7 9 15 17 11 17 5 14 6 3 16 12 15 1 5 17 15 6 5 15 12 19 19 4 19 7 4 12 17 15 17 1 17 16 19 7 1 3 17 17 14 3 1 3 15 17 7 5 3 1 17 5 13 3 5 12 1 19 7 14 14 17 17 17 15 3 13 17 11 4 9 5 11 5 4 11 9 13 4 9 15 20 13 3 4 5 1 
4 9 11 1 5 1 7 15 11 15 11 19 7 11 14 19 13 19 11 1 6 17 14 12 19 19 5 7 17 19 12 4 3 19 19 8 5 7 13 12 19 16 4 5 5 19 7 12 12 5 11 19 15 4 12 1 1 7 17 19 17 12 5 15 15 1 5 17 12 12 19 5 4 9 5 18 11 7 17 5 1 5 5 4 1 5 17 4 5 15 11 19 14 12 19 12 11 11 17 17 
7 12 17 7 15 1 5 13 5 19 13 15 17 19 13 13 5 5 20 17 19 1 12 1 17 8 12 20 5 10 17 15 12 5 5 5 11 20 19 12 20 17 11 15 1 11 3 11 11 1 4 5 1 12 1 11 11 11 1 17 3 15 5 11 17 1 12 16 11 12 11 15 5 19 5 5 11 19 4 1 5 12 12 3 17 19 17 1 5 7 1 19 5 15 17 5 15 7 12 12 
19 10 17 16 15 17 11 15 14 2 6 16 9 17 10 7 1 15 11 11 19 14 11 2 15 14 11 20 15 18 1 19 13 17 1 7 17 4 5 15 17 10 19 7 15 5 5 20 4 17 3 1 12 12 8 15 1 19 6 19 13 5 15 5 15 17 7 12 5 15 19 7 3 17 17 5 19 1 7 5 1 11 17 17 3 12 5 4 5 17 13 1 20 1 7 1 11 4 17 15 
12 12 9 18 16 11 15 1 19 1 19 1 11 11 7 15 5 12 15 20 1 4 13 17 11 8 6 1 13 13 14 8 12 17 5 8 17 19 7 1 1 14 3 19 12 12 6 15 11 1 4 11 17 1 12 1 3 5 13 1 19 4 1 17 12 1 5 1 15 11 3 14 17 13 5 4 1 1 12 5 19 13 1 15 15 1 15 1 5 17 13 13 6 5 4 17 15 15 13 4 
9 12 12 15 14 9 12 7 15 16 12 6 9 8 8 9 3 17 15 11 15 15 9 12 9 15 14 7 1 17 2 19 1 1 1 6 7 6 5 15 15 15 19 7 1 12 14 4 8 3 5 7 19 19 5 9 15 7 11 12 9 9 13 15 1 19 12 1 7 12 12 15 11 19 11 17 4 1 15 1 17 6 17 3 1 4 7 6 11 17 5 7 17 13 4 11 5 12 16 11 
12 17 6 19 7 18 12 1 15 11 12 19 18 19 19 19 15 3 11 1 9 5 16 7 9 17 9 15 15 16 12 11 7 15 3 19 11 14 9 6 3 13 15 10 19 15 9 11 6 16 9 12 11 11 1 11 15 11 5 15 7 19 6 11 15 17 5 14 6 1 7 17 19 15 17 13 1 11 15 1 15 7 11 4 7 5 15 12 19 11 12 10 15 15 10 12 11 5 5 13 
12 9 20 11 9 20 15 8 7 17 5 5 11 7 1 19 15 3 11 15 5 16 19 15 15 16 1 17 5 9 9 9 8 9 16 11 1 11 2 6 11 5 11 11 13 15 15 20 15 6 1 15 13 10 4 7 15 12 6 20 7 16 4 20 10 4 6 1 12 9 6 13 1 5 1 17 12 3 7 19 4 3 19 14 14 19 1 7 5 17 8 15 1 4 9 20 14 1 19 11 
12 9 20 11 9 20 15 1 1 17 5 5 11 7 1 19 15 3 11 1 9 16 19 15 5 9 17 12 16 9 11 19 1 17 10 15 11 1 19 1 5 17 19 12 1 1 12 7 4 7 15 12 19 18 1 16 4 20 11 4 11 1 13 12 9 5 7 6 14 5 4 19 17 7 17 11 9 5 4 9 6 6 15 1 1 1 17 19 19 1 19 13 6 19 5 1 11 4 17 17 
9 17 4 16 17 17 3 17 8 16 9 1 14 9 17 5 16 7 16 6 15 14 1 20 11 1 7 2 11 15 6 5 7 11 14 1 18 1 5 8 17 20 6 5 7 12 20 13 20 20 16 4 6 1 3 12 9 5 9 6 1 19 5 1 9 4 7 3 20 12 5 3 11 19 5 9 15 17 9 1 7 12 5 1 4 13 20 5 20 16 13 8 4 16 11 15 11 20 14 6 
7 16 1 9 14 11 19 1 1 2 11 11 1 15 11 15 17 1 14 13 1 1 14 15 14 20 15 17 11 19 19 6 5 4 15 15 4 1 5 13 6 14 4 14 1 5 14 1 5 15 17 15 16 6 17 12 16 19 5 14 17 20 13 12 5 15 5 3 6 5 1 14 10 11 11 5 12 11 5 7 5 14 19 13 1 4 5 20 17 1 11 16 1 11 20 11 14 7 4 1 
9 17 16 9 7 12 1 7 15 11 15 7 6 11 1 20 1 11 17 14 20 15 3 1 1 11 19 16 4 4 19 4 20 13 7 16 4 6 1 3 12 9 5 9 6 6 19 5 1 17 4 11 15 19 9 12 9 13 5 13 12 7 5 12 1 11 15 12 14 10 6 15 19 1 4 19 12 16 17 11 7 19 9 9 7 15 20 11 19 19 4 10 9 19 1 19 15 9 12 17 
16 6 8 17 14 6 2 15 19 11 15 17 11 5 11 6 1 19 15 14 1 20 15 15 7 19 16 12 4 19 4 20 13 20 6 4 6 1 3 12 9 5 1 6 17 19 5 1 15 12 7 15 7 13 4 9 13 5 9 7 11 5 16 19 11 12 5 7 10 14 16 19 15 12 16 13 17 7 1 17 8 9 8 5 7 13 6 3 13 12 4 11 11 13 14 5 11 17 14 14 
17 15 6 16 15 11 11 1 7 17 7 17 11 1 17 17 14 1 7 1 12 14 1 6 13 13 17 7 6 6 5 4 15 11 15 15 5 20 20 16 14 11 11 14 12 3 7 13 1 7 17 5 9 6 17 17 12 14 5 18 19 18 15 3 20 19 1 15 20 5 1 15 14 12 5 12 5 17 5 12 1 3 14 15 3 1 14 17 11 15 17 17 1 7 15 7 17 18 11 5 
14 1 4 1 11 1 1 9 6 16 19 8 11 4 5 17 12 17 3 14 1 8 17 11 5 6 17 5 9 5 20 10 7 5 19 4 15 5 19 12 16 12 8 19 17 11 8 4 9 19 19 8 12 12 19 20 19 4 20 13 4 14 1 15 14 4 4 19 5 8 12 19 1 13 11 7 1 13 14 19 18 1 17 15 6 15 15 5 7 1 16 3 5 18 7 11 19 1 4 3 
14 17 4 15 11 1 1 9 6 16 19 8 11 4 5 17 12 17 3 14 1 16 17 11 5 6 17 5 9 5 20 10 7 5 19 4 15 5 19 12 16 12 8 19 17 11 8 12 13 19 7 8 12 12 19 20 19 4 20 13 4 14 1 15 15 4 4 19 5 8 12 19 1 13 11 7 1 13 14 19 18 1 17 15 6 15 15 5 7 1 16 3 5 18 16 11 19 19 5 5 
10 9 6 14 15 19 11 1 11 15 7 15 15 11 11 11 17 15 17 11 17 6 5 13 7 13 13 13 4 9 1 8 6 5 19 3 8 13 3 15 11 11 6 8 13 15 11 19 9 13 5 15 4 12 19 14 7 18 16 7 14 15 11 11 16 17 9 4 19 11 1 1 4 9 16 18 13 16 5 4 4 15 8 5 5 12 7 15 12 1 12 7 19 12 5 6 3 7 17 14 
12 9 20 11 9 20 2 8 1 17 5 5 11 7 1 19 15 3 11 1 15 16 19 10 9 9 1 1 16 5 15 11 11 1 11 12 11 15 11 20 5 1 6 11 15 1 15 13 1 1 13 11 12 7 4 12 19 18 1 16 4 20 11 4 11 1 13 12 5 19 1 5 1 17 12 19 15 13 11 9 13 14 7 6 15 12 9 5 20 17 7 4 16 19 19 11 15 15 17 19 
1 12 15 9 11 6 13 9 1 7 8 9 15 11 9 1 1 11 6 17 17 15 17 1 1 7 10 11 15 15 15 5 1 18 5 1 1 5 19 7 15 19 12 4 1 1 6 15 12 16 1 19 1 12 12 18 12 3 7 17 1 5 5 1 1 12 5 12 1 4 13 4 12 3 1 6 17 5 5 12 7 7 7 7 5 17 17 13 17 12 19 8 1 17 5 17 12 1 12 12 
19 12 19 15 11 9 20 2 14 19 17 5 5 11 7 1 19 15 3 11 1 16 16 19 7 9 9 17 2 16 16 11 17 8 7 11 1 5 7 14 1 7 2 11 2 20 15 13 7 15 13 1 5 7 19 16 15 4 7 1 20 13 7 20 16 4 6 1 12 9 6 19 14 5 1 12 4 14 19 20 4 5 9 10 15 15 19 11 15 12 16 14 8 12 9 17 19 12 17 5 
9 7 17 15 6 1 11 6 2 15 11 15 15 1 1 11 1 9 4 19 19 19 6 5 4 15 11 15 4 10 5 13 17 5 18 9 9 1 15 20 11 9 1 4 5 15 20 8 8 11 20 4 3 20 11 1 13 1 6 5 9 9 11 7 14 15 17 13 5 11 1 20 15 5 5 19 7 5 1 8 16 1 11 13 20 11 8 11 7 17 17 17 10 5 1 19 14 17 14 17 
12 9 20 11 9 20 2 8 7 17 9 15 11 7 1 19 15 3 11 1 16 16 19 17 2 9 15 8 16 16 11 15 16 16 19 11 17 15 19 1 1 11 15 11 15 15 1 18 14 1 11 15 1 17 19 15 1 3 7 14 20 13 7 6 16 4 6 1 12 9 6 17 14 5 17 17 12 15 7 20 13 4 9 10 15 15 1 14 5 19 9 19 12 7 9 6 19 5 5 1 
9 2 13 11 1 5 17 14 6 14 5 13 17 15 10 12 15 1 11 16 8 9 11 2 15 13 1 15 18 11 1 11 16 15 1 5 7 1 17 1 1 5 19 15 11 11 1 14 1 13 1 18 1 4 2 19 19 5 5 17 17 19 13 2 4 17 17 15 17 4 6 14 1 12 1 14 12 16 12 20 11 17 7 5 15 5 20 5 5 7 1 1 5 12 12 7 19 15 5 13 
1 13 14 6 11 9 9 11 7 15 1 5 11 19 17 1 15 17 1 17 7 19 1 15 6 1 5 15 1 10 5 1 1 7 13 12 16 17 17 12 5 19 1 17 17 19 4 5 19 5 6 4 13 17 19 1 11 1 12 19 1 19 1 14 12 1 19 7 1 12 12 5 7 12 11 12 17 1 5 15 5 12 11 17 4 17 17 1 12 1 11 12 6 1 7 4 15 7 17 1 
7 11 9 11 9 11 1 20 2 19 6 11 5 2 20 5 11 15 7 8 15 15 11 1 1 20 13 4 14 5 16 11 5 1 14 15 18 9 17 1 3 6 12 16 13 18 5 11 3 1 7 15 1 3 6 1 20 1 16 5 20 17 5 9 5 7 17 7 19 7 1 7 11 15 8 15 3 15 5 9 16 6 15 9 10 15 6 1 7 10 1 3 15 7 12 1 15 1 12 14 
9 1 16 9 7 12 1 7 15 11 15 7 6 11 1 20 1 11 17 14 20 15 3 1 1 11 19 16 4 4 19 4 20 13 7 16 4 6 1 3 12 9 5 9 6 6 19 5 1 17 4 11 15 19 9 12 9 16 5 13 12 7 5 12 1 11 15 12 14 10 6 15 19 1 4 19 12 16 7 1 19 19 9 9 8 17 6 8 4 19 12 12 12 3 19 1 1 9 9 19 
12 10 11 16 7 19 9 1 1 14 11 16 16 17 17 11 1 10 1 11 5 1 11 5 1 1 14 1 1 8 1 4 18 12 12 15 7 19 9 17 5 3 16 13 8 5 7 8 7 13 5 15 4 14 5 5 19 16 17 1 15 5 17 17 7 9 19 15 16 13 5 7 11 11 3 12 14 1 3 11 16 5 13 4 16 16 6 1 9 12 17 1 13 19 13 1 3 16 5 15 
1 12 15 9 11 6 9 9 1 7 13 13 5 11 9 1 1 11 6 17 17 15 17 1 1 7 10 11 15 15 15 5 1 11 5 1 17 5 19 7 1 17 12 12 12 1 1 6 15 12 12 19 5 12 12 12 18 12 3 7 17 1 1 5 19 1 12 5 14 1 14 13 12 12 18 1 6 20 5 5 17 16 7 1 1 5 17 17 12 5 14 12 1 20 17 1 17 15 19 19 
12 10 11 16 7 19 9 1 1 14 11 16 16 17 17 11 1 10 1 11 5 1 11 5 1 1 14 1 1 20 1 4 18 12 12 15 7 7 9 1 5 3 16 13 8 5 7 8 7 9 13 15 4 5 1 5 19 16 17 1 17 5 17 17 7 9 19 15 16 13 5 19 11 11 3 12 14 1 3 11 13 5 13 4 16 16 6 1 9 12 17 1 13 19 16 1 3 1 19 15 
7 11 9 11 9 11 1 20 2 19 6 11 5 2 20 5 11 15 11 8 15 15 11 1 1 20 16 3 14 5 13 11 5 15 14 15 18 9 12 1 3 6 12 16 13 18 5 11 3 1 7 15 1 3 6 1 20 1 16 1 20 17 5 9 5 19 17 7 19 7 1 7 11 15 8 14 3 1 5 9 16 6 15 9 10 15 6 1 7 10 1 3 15 7 12 1 1 1 12 14 
20 9 9 15 6 12 9 17 11 7 1 7 15 7 15 15 6 11 15 7 1 20 1 17 3 15 7 3 12 14 13 14 7 7 13 15 3 15 11 15 15 9 20 15 5 9 5 19 9 11 5 19 10 4 3 5 6 10 19 9 8 14 16 8 15 15 8 11 14 11 13 11 17 17 14 3 5 19 16 7 1 12 14 9 7 4 11 5 5 4 5 20 3 4 1 12 6 1 14 5 
9 16 11 17 2 20 16 11 19 18 12 8 10 17 5 1 6 19 19 1 15 3 11 1 16 1 16 5 9 16 5 5 19 1 19 11 15 11 1 1 19 17 15 11 14 19 11 1 1 4 7 19 19 8 14 5 3 17 19 12 5 5 17 11 1 12 8 4 13 7 5 17 17 12 5 10 17 15 17 5 20 17 5 18 5 5 17 15 5 19 19 5 10 7 1 16 3 19 5 15 
9 16 6 6 1 14 5 10 11 1 11 15 7 15 1 7 15 12 1 8 1 20 12 12 11 20 19 6 5 4 15 11 15 4 5 12 12 5 16 20 17 19 4 5 7 12 5 17 3 15 9 11 20 12 4 6 7 1 13 13 11 5 7 3 11 19 12 15 9 5 12 20 1 1 5 5 1 1 19 1 12 13 19 20 8 15 12 20 8 1 14 1 5 7 19 15 5 14 11 17 
9 9 19 16 11 12 6 11 17 1 2 19 15 11 5 7 1 15 13 1 18 1 5 8 17 20 6 5 7 4 20 13 20 20 16 6 1 3 12 9 5 9 6 17 19 5 1 9 12 7 3 19 20 12 9 3 5 13 11 19 5 17 15 10 17 9 1 14 7 4 19 19 15 16 12 5 19 1 11 19 13 12 5 12 6 5 1 8 6 20 3 3 5 10 4 17 12 4 17 14 
11 12 9 9 11 12 6 7 1 11 17 19 1 20 1 11 17 14 20 17 3 1 1 11 19 16 4 4 19 4 20 13 7 6 16 6 1 3 12 9 5 16 6 15 19 5 1 17 12 19 3 19 16 4 9 12 12 8 15 11 5 12 19 11 14 12 5 7 10 7 15 19 19 4 19 4 9 7 1 17 12 9 8 12 3 11 8 10 12 15 12 17 17 3 4 8 19 18 7 17 
9 9 19 16 11 12 6 11 17 1 2 7 15 11 5 7 19 15 13 1 18 1 5 8 17 20 6 5 7 4 20 13 20 20 16 6 1 3 12 9 5 9 6 17 19 5 1 13 12 7 9 19 20 12 9 13 5 13 11 19 5 17 15 10 17 9 1 14 7 4 19 19 15 16 12 5 19 1 11 19 13 12 19 17 6 5 1 8 6 20 12 1 10 12 5 19 9 5 14 1 
3 7 13 8 16 9 7 12 16 14 11 19 15 11 1 11 19 5 1 11 19 15 7 17 14 13 13 15 8 1 1 6 6 17 17 7 7 14 1 7 19 5 5 7 1 17 5 1 1 19 5 17 19 15 5 11 11 5 18 5 11 9 13 1 3 3 1 12 17 14 14 4 9 19 18 16 7 1 5 9 12 4 11 15 15 9 7 12 1 18 3 5 19 1 17 15 5 12 7 9 
1 13 14 6 11 9 9 7 7 15 1 5 11 19 17 1 15 17 1 17 7 19 1 5 6 15 5 19 1 10 5 1 19 10 13 12 16 17 17 12 1 1 1 17 17 19 4 5 1 5 6 4 13 17 5 1 5 19 12 11 14 19 1 17 12 15 19 7 1 12 12 1 7 17 6 12 17 12 5 12 15 17 11 17 12 17 17 17 13 1 11 12 19 1 7 4 17 7 17 1 
12 10 11 16 7 19 11 1 1 14 11 16 16 17 17 11 1 10 1 11 5 1 11 5 1 1 14 1 1 20 1 4 18 12 12 15 7 7 9 1 5 3 16 13 8 5 7 8 7 9 13 15 4 5 1 5 19 16 17 1 17 5 17 17 7 9 19 15 16 13 5 19 11 11 3 12 14 1 3 11 13 5 13 4 16 16 6 1 9 12 17 1 13 19 16 1 3 15 5 12 
12 9 20 7 7 18 15 8 15 16 13 1 18 7 19 1 15 3 11 1 16 5 8 5 6 19 11 1 9 12 17 11 11 19 11 19 19 15 17 7 5 12 1 6 1 19 12 7 15 5 17 19 15 15 5 5 17 19 15 15 5 3 17 13 7 19 20 15 16 5 12 1 17 19 12 15 5 17 13 7 12 17 19 15 12 19 5 17 19 15 1 12 15 17 7 1 1 11 1 19 
1 13 14 6 11 9 9 7 7 15 1 5 11 19 17 1 15 17 1 17 7 19 1 5 6 15 5 19 1 10 5 1 1 10 13 12 16 17 17 12 1 1 1 17 17 6 4 5 7 5 6 4 13 1 1 5 1 12 7 14 19 1 14 12 15 19 7 17 12 1 14 7 17 6 12 17 14 5 8 11 11 11 1 7 17 17 11 13 1 5 12 1 8 7 12 12 6 5 4 5 
1 13 14 6 11 9 9 11 7 15 1 5 11 19 17 1 15 17 1 17 7 19 1 15 6 1 5 15 1 10 5 1 1 7 13 12 16 17 17 12 5 1 1 17 17 19 4 5 1 5 6 4 13 17 1 1 14 1 12 19 5 19 1 11 12 1 19 7 1 12 12 5 7 12 6 12 17 1 5 15 5 12 11 17 4 17 17 19 12 1 11 12 6 1 7 12 15 7 17 1 
3 7 13 8 16 9 7 12 16 14 11 19 15 11 19 11 1 5 1 11 7 15 1 7 14 13 3 15 8 1 1 6 6 17 17 7 7 14 1 7 19 5 5 7 1 17 5 17 1 19 5 17 19 15 5 11 11 15 18 5 11 9 13 1 3 3 1 12 17 14 14 4 9 19 18 16 7 1 5 9 12 4 11 15 15 9 7 12 1 18 3 5 19 1 17 15 5 12 7 9 
12 17 11 9 7 7 15 5 11 6 19 1 17 1 1 6 13 17 1 15 1 5 12 7 17 4 7 9 19 15 15 11 14 12 9 9 7 19 9 19 15 6 4 9 3 7 19 12 14 17 5 6 19 17 15 15 14 1 16 7 1 11 4 6 3 13 17 5 15 10 13 19 11 3 20 1 4 11 11 15 15 1 16 11 9 14 5 5 9 4 1 17 16 16 17 1 13 5 12 15 
17 15 12 12 7 12 5 6 5 4 19 9 11 17 14 20 15 14 11 11 5 20 9 1 18 4 15 6 7 5 15 7 13 15 11 4 11 7 20 12 19 4 12 12 16 12 9 10 3 7 17 19 12 12 1 7 13 1 1 4 15 6 11 15 15 7 5 16 12 9 12 17 1 15 11 11 1 11 4 12 11 4 7 17 9 14 12 4 6 7 17 19 10 17 19 14 4 1 6 16 
12 3 3 19 11 17 14 3 13 7 13 17 11 16 5 20 1 15 16 5 4 17 20 5 5 18 16 20 11 1 12 11 5 4 16 1 4 12 1 1 1 7 19 5 9 4 17 12 11 12 5 11 12 11 18 10 9 9 5 19 3 12 11 18 4 4 17 19 9 9 11 3 9 6 4 16 19 11 13 8 13 12 12 11 15 3 7 19 20 4 12 3 3 12 14 7 4 15 11 1 
7 9 17 11 15 6 1 2 11 15 6 6 20 11 15 17 7 15 7 11 13 1 12 3 17 4 17 11 13 6 16 16 6 17 6 4 16 3 7 13 6 19 11 4 14 1 15 11 7 17 1 13 12 7 19 11 15 12 11 13 15 12 5 17 5 1 2 17 15 5 13 17 13 7 6 15 12 19 12 17 4 19 17 6 4 12 1 20 17 15 7 20 4 12 16 13 3 1 8 5 
1 11 12 12 11 12 6 15 15 4 9 13 7 3 9 2 3 9 11 15 15 7 4 12 7 4 15 11 19 11 9 9 9 16 9 3 7 14 3 20 15 11 7 1 15 12 20 6 17 7 4 9 8 6 3 8 9 8 4 9 5 3 7 20 15 5 7 9 1 6 16 12 3 16 1 17 20 4 7 14 10 7 14 4 16 3 9 5 6 9 16 13 12 7 4 13 5 0 0 0 
12 9 17 16 15 14 11 3 14 3 20 13 14 11 5 9 11 8 8 4 11 13 1 16 1 4 6 3 13 1 11 11 8 12 12 5 12 16 8 14 9 3 3 14 16 16 14 19 16 14 8 4 11 5 9 9 3 5 13 9 5 4 5 11 16 1 8 1 11 3 6 13 14 5 16 9 3 5 11 9 8 11 12 14 5 19 17 13 15 7 10 14 5 6 19 11 11 3 15 17 
9 9 15 11 14 11 5 11 1 7 5 11 1 15 11 1 1 15 14 11 7 13 1 15 17 20 17 13 17 9 20 14 7 19 11 8 5 10 11 5 6 4 12 7 11 5 19 4 20 18 6 5 7 14 15 1 11 16 16 4 5 1 13 19 20 19 17 3 15 13 17 15 3 19 16 5 3 11 11 13 3 13 14 12 8 15 8 19 1 17 1 5 15 15 11 15 15 0 0 0 
9 9 15 11 14 11 5 11 1 7 5 11 1 15 11 1 1 15 14 11 7 13 1 15 17 20 17 13 17 9 20 14 7 19 11 8 5 10 11 5 6 4 12 7 11 5 19 4 20 18 6 5 7 14 15 1 11 16 16 4 5 1 13 19 20 19 17 3 15 13 17 15 3 19 16 5 3 11 11 13 3 13 14 12 8 15 8 19 1 17 1 5 15 15 11 15 15 0 0 0 
12 16 20 11 16 20 15 1 19 1 16 5 6 7 1 19 15 3 6 1 16 9 2 19 8 9 15 19 16 16 11 2 6 14 19 11 11 7 14 19 11 6 15 1 5 15 11 1 5 17 19 12 12 3 11 5 20 13 11 6 16 4 6 1 3 12 9 5 6 16 1 17 12 7 1 7 20 9 13 5 19 10 14 15 15 3 7 14 20 20 15 4 16 19 17 11 15 11 18 1 