11 5 5 5 19 19 1 19 11 19 1 11 19 10 6 10 5 9 3 14 15 3 11 11 20 15 12 11 4 11 9 3 1 15 3 17 13 1 11 4 13 1 5 7 9 20 3 17 9 5 4 5 15 17 7 10 19 14 16 4 9 19 1 15 1 16 11 10 1 5 11 19 15 15 5 15 7 20 3 7 17 4 6 13 13 16 1 17 9 19 11 5 3 10 19 7 5 17 13 7 
15 12 15 17 4 9 15 19 7 11 11 10 17 7 5 3 4 16 1 1 3 19 6 9 8 11 15 17 16 3 19 13 1 11 15 1 10 1 12 19 16 13 7 15 12 9 13 11 17 4 19 11 15 3 6 3 13 3 1 3 13 6 1 1 11 12 7 12 12 3 16 15 19 11 19 9 1 5 3 3 15 3 17 17 7 3 17 15 1 7 7 11 10 17 6 11 13 19 5 0 
15 4 12 14 15 4 3 12 17 5 1 11 4 4 11 18 1 4 1 11 12 3 13 9 1 17 17 17 9 15 1 1 4 1 19 13 13 11 5 5 5 4 19 15 5 1 10 13 4 7 4 11 7 10 4 7 14 19 9 11 17 19 3 11 5 16 17 16 17 7 11 11 16 11 17 13 5 19 19 1 5 7 11 5 1 13 5 9 5 15 16 0 0 0 0 0 0 0 0 0 
5 4 7 15 13 1 3 7 4 1 11 11 12 5 4 15 3 19 9 4 3 14 17 1 15 19 15 5 3 15 4 7 16 14 20 14 12 17 13 16 16 19 19 16 3 16 11 13 1 11 3 7 7 12 3 16 6 1 16 8 6 16 10 5 11 6 12 11 16 16 4 7 17 19 5 1 7 7 13 14 3 14 17 12 11 9 14 19 15 12 5 19 11 3 5 3 11 12 7 13 
15 4 12 14 1 4 4 12 12 5 1 10 4 4 11 18 1 3 1 11 15 3 13 9 15 17 15 15 9 15 1 1 3 17 19 13 13 6 5 5 5 4 19 15 5 17 11 13 4 7 4 11 7 10 4 7 14 19 9 11 17 19 3 11 5 16 17 16 17 7 11 11 16 11 17 13 5 19 19 1 5 7 11 5 1 13 5 9 5 15 16 0 0 0 0 0 0 0 0 0 
16 15 7 1 19 3 16 7 4 14 11 17 7 20 5 16 19 1 1 19 12 5 11 11 7 3 19 16 5 5 11 17 16 11 1 5 1 16 19 3 7 3 16 6 5 13 9 14 11 14 1 3 19 19 5 6 16 3 17 16 1 11 11 10 14 6 5 14 3 5 14 5 1 3 7 16 7 14 3 5 19 5 16 12 3 14 7 13 3 14 1 17 13 6 1 1 17 8 3 5 
1 15 13 13 12 19 17 9 1 18 5 3 19 19 19 15 9 4 7 12 11 4 7 8 3 5 3 6 19 19 6 19 5 14 15 2 5 9 15 17 11 11 16 10 7 1 5 11 3 17 7 17 15 5 4 11 6 7 5 3 9 16 10 12 4 17 14 14 3 16 5 10 19 6 13 15 20 11 20 14 15 5 11 1 9 3 19 19 3 16 1 15 4 12 11 14 4 15 16 12 
1 5 4 3 14 7 5 16 9 5 9 14 17 16 14 19 9 13 9 19 15 16 16 16 20 3 4 4 4 4 20 4 4 20 4 20 3 4 3 3 14 10 14 16 9 5 9 5 9 5 9 5 16 9 14 16 5 9 16 5 18 11 18 11 11 11 9 11 7 19 19 11 7 1 7 20 5 20 11 4 7 19 18 1 20 5 16 10 7 3 20 3 14 4 15 11 4 12 7 11 
13 13 13 9 20 16 8 4 20 16 1 14 4 20 13 7 17 4 7 4 11 17 6 4 11 4 1 13 9 17 19 19 17 1 19 13 1 19 16 8 5 1 15 4 1 14 11 16 11 12 5 3 4 11 9 11 19 15 19 8 7 12 4 3 14 18 17 1 9 3 5 1 11 19 7 15 12 14 3 16 11 14 1 17 5 11 20 17 2 20 16 6 5 13 5 1 17 17 6 4 
6 3 10 11 17 12 4 1 19 7 9 19 7 5 19 5 5 5 5 5 12 1 19 3 8 10 19 16 3 16 7 3 5 19 3 6 1 19 12 17 4 1 13 1 11 16 9 17 1 19 5 13 17 7 13 7 5 15 5 7 17 9 5 11 5 1 5 1 14 3 16 12 1 1 4 3 4 4 1 11 1 6 7 5 5 17 5 1 19 1 9 11 4 7 14 10 15 3 17 13 
15 7 10 11 13 4 19 1 3 15 17 16 11 5 14 11 15 5 3 19 16 1 5 3 7 11 8 11 19 5 14 12 5 1 5 15 17 11 11 1 16 10 1 5 10 17 15 5 9 5 15 7 13 6 1 5 13 14 11 3 1 18 15 1 17 9 11 1 8 16 11 15 13 13 13 17 14 6 1 17 18 8 4 16 11 12 4 4 9 5 13 13 4 15 11 12 1 0 0 0 
12 1 7 13 16 9 19 11 11 3 7 1 4 11 9 19 8 6 4 7 9 3 5 9 13 18 6 18 13 14 14 9 17 11 9 19 4 5 19 17 11 16 11 20 3 5 3 17 11 5 19 19 5 3 15 5 2 5 9 15 17 6 1 16 1 7 7 5 19 9 4 5 9 19 1 18 11 9 4 11 10 19 16 7 6 13 4 16 17 16 14 11 7 8 3 11 19 6 8 4 
1 9 9 16 5 6 6 15 18 11 5 6 5 13 9 3 13 17 14 3 9 3 17 3 19 13 12 3 13 14 19 19 3 3 7 13 1 13 3 14 19 9 1 15 3 13 1 19 3 3 13 14 13 1 8 17 3 1 3 1 3 17 6 1 1 4 19 19 19 17 19 1 3 15 3 9 1 14 3 1 19 3 3 3 7 3 16 4 12 13 3 3 1 1 1 4 11 9 19 6 
11 7 11 17 9 19 6 5 15 16 12 4 16 17 11 16 16 10 16 9 19 19 12 7 7 12 1 10 3 14 3 10 3 9 11 4 3 3 11 9 5 9 17 1 3 6 16 1 16 11 3 9 5 3 19 11 3 12 11 7 14 3 1 6 1 19 19 16 1 15 19 6 5 10 16 8 6 19 13 11 5 7 1 16 5 9 17 20 12 19 4 17 11 1 14 7 5 16 19 3 
5 13 9 11 10 19 10 1 5 5 17 5 5 8 19 6 14 5 11 1 19 1 8 8 11 10 1 13 5 18 13 19 16 18 11 17 1 4 16 10 3 1 4 11 19 14 9 8 5 7 3 7 4 6 7 16 7 15 5 11 16 5 9 5 7 9 1 11 1 1 16 7 6 12 1 18 16 1 16 1 9 11 5 5 5 14 5 5 14 1 12 12 5 17 4 19 13 16 17 1 
12 12 11 1 19 17 13 1 19 12 15 11 19 17 1 11 9 11 14 4 3 15 1 9 1 12 3 19 11 5 3 10 15 6 14 6 15 16 11 11 14 20 16 4 20 12 13 3 15 5 11 6 10 12 4 17 17 10 5 6 10 11 3 1 7 14 7 12 1 12 7 19 3 1 11 4 8 11 16 17 14 8 11 15 5 4 16 6 18 1 1 11 20 15 20 16 11 9 10 17 
13 20 5 7 7 5 19 1 19 1 11 11 10 5 5 5 6 18 5 19 19 11 5 11 11 7 5 8 10 6 4 9 1 16 15 9 10 1 18 6 1 12 13 16 3 16 13 1 11 6 6 1 17 17 6 3 19 10 5 8 11 17 9 15 9 5 16 19 3 1 8 7 1 15 13 11 10 16 10 12 5 12 1 19 4 12 20 13 16 7 11 19 1 7 15 20 9 0 0 0 
7 15 16 15 5 16 13 5 4 6 17 11 4 1 1 6 4 19 14 5 13 5 19 17 1 11 6 5 14 15 5 2 5 9 17 19 11 16 2 10 1 5 11 17 16 11 14 5 5 8 11 19 19 12 5 19 17 18 13 3 5 16 13 7 17 14 14 8 16 1 20 19 6 13 3 1 15 6 17 8 19 11 16 16 16 7 15 11 7 17 5 10 15 7 15 11 8 3 1 16 
17 1 17 16 3 11 17 11 5 20 1 15 13 17 7 7 4 12 11 4 7 13 11 14 3 5 9 19 15 19 11 7 5 15 12 15 5 9 15 17 11 11 9 15 6 1 16 11 11 9 14 11 9 5 1 19 7 11 12 5 3 4 7 8 16 13 15 17 1 19 3 11 1 7 11 14 13 14 4 1 5 15 11 20 12 18 11 3 10 17 1 17 17 11 4 1 7 0 0 0 
1 17 17 9 12 11 1 9 1 20 9 5 16 16 19 19 3 4 19 15 11 17 19 12 15 5 3 7 19 5 11 11 5 14 12 1 5 9 17 17 17 6 20 10 19 19 5 7 19 14 16 4 1 5 12 7 7 7 4 4 4 4 7 15 11 11 14 11 1 16 16 5 7 5 20 11 14 3 1 15 16 11 10 11 4 4 11 16 12 8 15 1 6 3 14 11 4 0 0 0 
12 1 17 5 16 9 19 11 11 3 7 1 4 11 9 19 8 6 3 7 9 4 5 9 13 18 6 18 13 14 14 9 17 11 9 19 4 5 19 17 11 16 11 20 3 5 3 17 11 5 19 19 5 3 15 5 2 5 9 15 17 6 1 16 1 7 7 5 19 9 4 5 8 19 1 18 11 9 3 11 10 19 16 7 6 13 4 16 17 16 14 11 7 8 3 11 19 6 8 4 
19 16 9 12 4 16 7 19 3 19 14 14 5 17 15 19 10 4 1 19 6 8 1 5 20 4 19 14 11 6 2 15 3 9 8 15 14 7 5 1 2 16 10 2 11 19 16 7 5 11 14 9 9 5 14 4 5 9 14 11 11 12 3 9 5 3 14 3 13 18 9 11 1 1 15 2 19 1 19 1 10 19 19 1 10 19 3 11 2 3 16 19 3 8 19 12 17 18 3 5 
20 17 6 5 11 15 3 14 14 6 15 7 15 14 12 14 9 20 11 20 10 15 3 16 8 5 3 1 11 1 8 11 12 20 5 13 4 5 5 5 6 19 11 11 17 5 3 19 5 17 5 9 17 17 19 15 16 2 11 11 13 13 11 14 17 3 17 3 1 20 12 14 15 11 17 3 16 11 11 1 2 4 9 5 11 6 4 1 11 19 13 3 13 5 13 16 15 13 13 1 
9 9 1 11 6 5 5 12 15 14 3 20 15 19 15 11 17 15 1 1 15 19 7 13 1 7 4 14 11 9 20 3 19 10 17 5 7 1 14 17 10 4 18 20 18 20 13 5 12 11 1 12 19 16 12 4 17 18 11 3 4 8 9 12 2 8 13 11 6 15 5 6 7 11 5 3 9 7 19 14 11 20 5 5 5 11 11 19 2 12 11 20 1 6 7 12 13 3 5 3 
7 7 17 20 6 7 11 19 1 7 1 19 11 1 11 7 6 5 1 7 11 5 6 1 15 19 9 11 9 19 3 1 4 14 7 3 9 7 4 1 11 11 14 13 15 13 2 5 13 2 5 20 14 5 2 9 14 20 1 3 1 7 1 12 5 4 4 7 9 2 5 5 13 17 19 7 19 7 1 3 5 7 3 14 19 1 6 5 17 1 17 14 4 7 9 0 0 0 0 0 
12 1 18 1 19 1 1 19 15 11 11 5 11 1 6 5 1 7 11 5 20 1 15 16 16 6 1 19 3 4 4 14 19 19 3 7 4 3 7 11 14 13 15 13 2 5 13 2 5 20 14 5 2 16 14 20 1 3 1 7 15 2 12 5 3 9 7 12 2 1 5 3 1 19 10 11 9 1 3 11 19 3 1 7 16 10 19 2 5 19 19 2 14 15 11 0 0 0 0 0 
15 17 11 1 7 7 1 11 1 19 11 1 1 7 6 5 1 7 11 5 6 1 15 7 16 6 9 19 3 1 4 14 7 19 4 7 4 1 7 11 14 13 17 13 2 5 13 2 5 20 14 5 2 16 14 20 1 3 1 7 1 12 5 4 12 7 12 9 14 14 13 1 17 7 3 9 11 4 11 10 3 11 4 19 1 6 7 2 9 7 17 14 2 14 19 0 0 0 0 0 
1 4 3 19 17 17 3 3 13 1 11 1 4 3 18 1 1 1 11 1 3 1 5 4 1 15 13 4 4 7 4 1 11 10 1 5 5 1 17 14 19 1 3 14 15 17 14 16 1 14 10 3 3 6 5 1 15 14 9 1 14 17 7 15 5 11 3 5 12 11 7 11 4 7 14 19 17 15 10 3 8 11 11 12 19 7 3 14 4 8 19 7 0 0 0 0 0 0 0 0 
15 4 4 7 19 1 13 1 17 14 14 5 16 5 5 19 5 7 11 16 7 15 5 6 9 1 16 3 19 1 3 17 19 11 5 11 14 9 14 16 20 1 4 20 11 14 6 9 4 1 4 5 15 19 11 4 13 5 7 1 11 18 6 14 5 14 12 15 17 5 19 11 3 11 13 5 8 5 14 19 4 17 7 11 16 14 5 11 4 7 7 15 8 11 17 14 1 1 11 19 
19 16 9 12 4 16 7 19 3 19 14 14 5 17 15 19 10 4 1 19 6 8 1 5 20 4 19 14 11 6 2 15 3 9 8 15 14 7 5 1 2 16 10 2 11 19 16 7 5 11 14 9 9 5 14 4 5 9 14 11 11 12 3 9 5 3 14 3 13 18 9 11 1 1 15 2 19 1 19 1 10 19 19 1 10 19 3 11 2 3 16 19 3 8 19 12 17 18 3 5 
1 17 8 4 5 9 3 20 3 19 12 5 1 4 12 11 11 3 1 2 11 15 11 5 11 4 7 14 20 6 2 18 8 14 1 5 15 19 5 1 2 16 13 2 1 19 9 13 20 13 12 1 3 4 17 16 5 16 11 19 10 15 2 10 17 14 1 15 5 17 15 7 4 4 3 3 1 13 6 16 19 8 14 2 3 3 5 10 19 16 16 1 19 4 20 14 7 19 15 19 
15 4 1 16 11 1 11 8 3 6 17 3 12 1 20 11 12 20 15 10 20 19 7 10 4 16 1 11 14 6 7 5 4 5 11 14 19 13 16 16 7 19 20 1 10 15 3 11 5 11 12 1 17 1 9 6 9 9 15 1 16 17 19 5 4 19 11 5 20 8 5 4 15 1 2 20 3 10 19 11 13 11 19 13 5 1 14 1 16 1 11 3 14 12 7 16 3 3 15 7 
15 4 1 16 11 1 11 8 3 6 17 3 12 1 20 11 12 20 15 10 20 19 7 10 4 16 1 11 14 6 7 5 4 5 11 14 19 13 16 16 7 19 20 1 10 15 3 11 5 11 12 1 15 1 9 6 9 9 15 1 16 17 19 5 4 19 11 5 20 8 5 4 15 1 2 20 3 10 19 11 13 11 19 13 5 1 14 1 16 15 11 3 14 12 7 16 3 3 15 7 
9 17 4 13 15 15 4 19 7 7 7 5 5 5 1 17 5 1 5 7 1 16 4 2 1 11 16 5 11 16 19 7 11 19 3 8 4 7 1 17 5 1 17 5 16 12 8 5 11 11 8 15 5 1 16 20 1 19 17 4 1 3 15 1 16 3 2 7 3 12 11 9 16 7 1 16 8 19 3 14 5 4 4 6 6 7 16 15 3 7 19 11 10 3 8 16 6 4 14 5 
1 17 9 19 13 19 7 5 1 19 19 4 19 3 6 14 13 4 1 19 14 16 19 20 4 1 11 3 19 13 12 5 12 3 16 19 11 3 19 13 13 13 11 5 5 5 7 19 16 17 7 1 10 5 15 15 4 5 11 16 16 5 11 4 19 9 4 11 8 14 19 14 19 5 9 1 17 5 16 7 19 9 5 5 16 18 1 20 3 17 19 5 19 11 7 11 10 11 16 20 
11 5 1 9 11 6 5 15 15 12 3 16 9 19 9 17 11 1 17 16 19 1 9 7 12 1 20 3 1 3 20 1 1 11 15 3 1 11 9 5 9 17 1 3 6 9 1 16 11 3 9 5 3 17 11 4 4 7 11 12 3 1 6 1 19 19 16 3 15 9 11 5 10 16 8 6 4 13 10 19 10 15 3 17 9 17 11 11 1 17 20 20 12 5 3 15 14 3 19 16 
1 10 20 11 4 19 19 15 1 3 13 13 10 6 15 5 11 19 3 9 7 13 19 17 5 15 3 5 3 11 5 7 20 14 5 1 14 11 11 17 1 7 9 14 5 10 7 16 7 19 9 13 8 5 8 3 3 6 7 20 11 15 5 5 7 11 3 19 14 5 17 19 11 1 4 17 1 16 5 13 4 9 16 3 15 15 15 13 15 11 3 0 0 0 0 0 0 0 0 0 
15 10 6 1 19 7 7 5 5 5 19 15 5 2 1 17 6 20 17 11 15 3 20 15 15 11 9 16 19 1 7 19 3 9 2 9 11 1 13 7 15 15 15 1 9 1 12 15 13 17 7 8 4 5 15 7 3 17 12 20 17 14 3 9 1 9 9 19 11 15 9 17 16 13 20 1 11 9 5 11 3 10 1 19 3 2 3 15 9 4 7 7 20 15 17 20 11 7 6 7 
17 11 1 1 13 15 11 5 7 17 11 9 20 11 6 15 9 14 19 17 19 14 20 14 4 1 14 19 1 11 9 14 16 6 8 16 8 19 11 17 16 8 14 12 5 11 3 9 2 7 5 2 15 11 2 1 1 1 2 14 1 20 1 7 20 19 3 14 3 12 3 12 14 19 15 1 5 16 20 1 20 7 6 11 1 2 14 20 6 11 9 17 9 19 14 0 0 0 0 0 
1 5 9 7 16 15 9 7 1 15 19 13 12 17 13 9 7 17 9 1 10 3 10 19 1 1 15 9 10 16 9 15 13 4 16 1 1 15 16 14 20 1 3 17 10 16 9 19 7 5 8 11 1 8 5 12 11 3 20 9 8 14 20 11 3 4 16 4 9 16 20 11 19 19 15 17 4 5 11 2 11 11 11 10 17 4 9 10 5 19 19 19 13 5 16 3 13 0 0 0 
7 10 9 1 1 13 9 1 15 1 14 17 7 4 17 1 11 11 1 9 11 17 5 5 11 17 4 16 9 17 7 1 9 7 5 4 7 5 8 11 20 15 3 6 11 14 4 17 6 8 15 3 17 5 7 1 7 4 19 3 20 7 5 15 3 15 5 11 17 4 1 12 19 5 13 12 19 19 1 4 11 10 10 5 19 7 1 1 14 12 7 19 5 7 4 9 13 0 0 0 
17 11 1 1 13 15 11 5 7 17 11 9 20 11 6 15 9 14 19 17 19 14 20 14 4 1 14 19 1 11 9 14 16 6 8 16 8 19 11 17 16 8 14 12 5 11 3 9 2 7 5 2 15 11 2 1 1 1 2 14 1 20 1 7 20 19 3 14 3 12 3 12 14 19 15 1 5 16 20 1 20 7 6 11 1 2 14 20 6 11 9 17 9 19 14 0 0 0 0 0 
7 10 9 1 1 13 9 1 15 1 14 17 7 4 17 1 11 11 1 9 11 17 5 5 11 17 4 16 9 17 7 1 9 7 5 4 7 5 8 11 20 15 3 6 11 14 4 17 6 8 15 3 17 5 7 1 7 4 19 3 20 7 5 15 3 15 5 11 17 4 1 12 19 5 13 12 19 19 1 4 11 10 10 5 19 7 1 1 14 12 7 19 5 7 4 9 13 0 0 0 
16 3 6 3 3 7 14 11 4 1 14 14 3 3 1 9 3 11 16 17 3 19 10 17 11 12 19 5 14 13 8 14 15 17 8 19 11 16 11 10 19 17 11 15 5 3 3 19 11 3 19 19 14 8 7 5 20 11 8 17 5 6 3 9 17 10 3 8 17 20 12 7 17 20 17 14 16 4 20 11 6 11 1 9 1 19 19 16 7 8 11 16 4 19 17 14 3 3 19 17 
1 16 7 19 17 15 5 9 5 5 19 5 9 17 17 15 15 1 1 7 1 17 5 11 1 13 9 5 9 9 17 19 19 7 4 4 7 5 11 16 12 11 4 11 7 10 5 2 3 16 16 19 19 20 4 6 19 12 19 7 13 5 4 1 17 11 12 13 11 7 9 16 17 3 12 11 20 11 14 1 17 16 3 1 4 4 11 7 2 1 11 15 5 9 15 3 19 0 0 0 
9 17 7 4 1 19 11 1 1 3 19 15 16 16 5 11 19 9 17 17 1 7 5 5 11 1 10 1 15 15 1 11 17 11 14 15 16 7 1 8 1 19 4 15 1 7 14 17 9 15 4 3 9 19 7 18 15 1 2 17 19 12 2 5 15 16 2 14 16 10 19 4 5 3 7 9 20 3 17 4 5 8 13 1 5 16 15 14 16 1 5 16 20 7 20 15 15 20 3 14 
17 13 14 1 9 20 16 8 4 20 16 1 14 4 20 13 7 17 4 7 4 11 17 6 4 11 4 1 13 9 17 19 19 17 1 15 13 1 19 16 8 5 1 15 4 1 14 11 16 11 12 5 3 4 11 9 11 19 15 19 8 7 12 4 3 14 18 17 18 9 3 5 1 11 19 7 15 11 14 3 17 15 14 12 3 5 11 2 13 17 4 14 12 1 13 18 10 11 19 15 
16 11 16 11 3 3 1 16 1 9 5 20 14 7 3 4 12 5 11 5 12 11 18 19 19 11 14 16 3 16 6 9 3 3 10 8 20 9 1 10 5 6 12 6 11 1 4 7 19 5 11 4 20 11 17 20 14 4 14 16 14 3 16 6 1 19 19 20 11 19 14 5 18 9 4 5 4 15 16 6 16 14 16 17 11 18 5 3 20 8 16 5 11 16 20 0 0 0 0 0 
5 6 4 9 13 4 6 11 3 3 17 6 1 9 20 14 14 3 5 16 16 1 1 7 10 14 11 11 16 16 19 13 13 3 3 18 7 16 14 3 16 7 3 3 7 1 16 11 19 5 17 17 14 17 3 19 10 5 19 1 15 6 20 15 20 20 13 6 14 17 20 8 11 13 19 2 1 11 15 2 1 20 11 17 5 14 5 6 19 8 19 11 16 11 3 0 0 0 0 0 
17 5 7 15 5 11 4 14 16 6 3 16 17 11 20 1 8 19 5 9 3 5 15 18 17 11 4 20 20 11 16 8 5 5 20 17 1 9 16 19 11 9 3 9 17 14 4 3 19 7 3 3 19 9 16 15 5 11 16 5 16 5 5 1 5 6 14 17 11 9 6 10 14 9 4 4 5 13 8 20 2 5 15 4 11 3 4 5 7 19 20 16 11 6 5 1 19 10 5 14 
