16 5 20 19 17 11 18 5 5 19 6 1 1 11 19 1 5 2 1 15 3 16 10 7 19 1 20 16 5 1 1 5 20 19 14 8 17 6 1 15 9 19 11 1 6 1 13 5 1 4 20 11 13 13 4 19 19 11 15 9 4 12 13 11 7 19 1 13 8 7 12 10 17 4 19 1 3 6 14 16 16 7 4 19 15 11 11 17 5 16 18 3 9 20 15 9 7 10 3 13 
9 16 6 15 11 1 19 1 1 19 19 11 15 5 2 15 11 7 14 4 20 13 16 14 3 1 14 19 1 1 1 20 14 13 5 1 20 5 13 12 17 5 1 1 1 19 14 1 1 4 7 5 18 16 3 6 6 16 4 14 13 11 13 13 11 7 5 19 11 3 16 4 11 16 19 1 1 12 19 3 16 1 4 14 19 4 5 14 4 15 5 16 3 17 3 13 13 12 5 5 
9 16 11 17 19 1 10 11 15 19 6 6 15 1 10 6 1 6 6 14 4 19 14 9 4 8 18 1 20 3 20 19 18 9 11 13 16 5 7 6 7 5 20 14 4 5 3 6 9 5 4 16 20 7 17 16 20 3 1 1 17 1 19 15 16 11 11 4 7 3 10 11 1 5 1 15 5 11 1 13 5 1 11 9 11 17 5 13 5 3 11 11 19 11 9 19 3 7 9 4 
16 5 20 19 17 11 18 5 5 19 6 1 1 11 19 1 5 2 1 15 3 16 10 7 19 1 20 16 5 1 1 5 20 19 14 8 17 6 1 15 9 19 11 1 6 1 13 5 1 4 20 11 13 13 4 19 19 11 15 9 4 12 13 11 7 19 1 13 8 7 12 10 17 4 19 1 3 6 14 16 16 7 4 19 15 11 11 17 5 16 18 3 9 20 15 9 7 10 3 13 
9 16 6 15 11 1 19 1 1 19 19 11 15 5 2 15 11 7 14 4 20 13 16 14 3 1 14 19 1 1 1 20 14 13 5 1 20 5 13 12 17 5 1 1 1 19 14 1 1 4 7 5 18 16 3 6 6 16 4 14 13 11 13 13 11 7 5 19 11 3 16 4 11 16 19 1 1 12 19 3 16 1 4 14 19 4 5 14 4 15 5 16 3 17 3 13 13 12 5 5 
9 16 11 17 19 1 10 11 15 19 6 6 15 1 10 6 1 6 6 14 4 19 14 9 4 8 18 1 20 3 20 19 18 9 11 13 16 5 7 6 7 5 20 14 4 5 3 6 9 5 4 16 20 7 17 16 20 3 1 1 17 1 19 15 16 11 11 4 7 3 10 11 1 5 1 15 5 11 1 13 5 1 11 9 11 17 5 13 5 3 11 11 19 11 9 19 3 7 9 4 
16 5 20 19 17 11 18 5 5 19 6 1 1 11 19 1 5 2 1 15 3 16 10 7 19 1 20 16 5 1 1 5 20 19 14 8 17 6 1 15 9 19 11 1 6 1 13 5 1 4 20 11 13 13 4 19 19 11 15 9 4 12 13 11 7 19 1 13 8 7 12 10 17 4 19 1 3 6 14 16 16 7 4 19 15 11 11 17 5 16 18 3 9 20 15 9 7 10 3 13 
9 16 6 15 11 1 19 1 1 19 19 11 15 5 2 15 11 7 14 4 20 13 16 14 3 1 14 19 1 1 1 20 14 13 5 1 20 5 13 12 17 5 1 1 1 19 14 1 1 4 7 5 18 16 3 6 6 16 4 14 13 11 13 13 11 7 5 19 11 3 16 4 11 16 19 1 1 12 19 3 16 1 4 14 19 4 5 14 4 15 5 16 3 17 3 13 13 12 5 5 
9 16 11 17 19 1 10 11 15 19 6 6 15 1 10 6 1 6 6 14 4 19 14 9 4 8 18 1 20 3 20 19 18 9 11 13 16 5 7 6 7 5 20 14 4 5 3 6 9 5 4 16 20 7 17 16 20 3 1 1 17 1 19 15 16 11 11 4 7 3 10 11 1 5 1 15 5 11 1 13 5 1 11 9 11 17 5 13 5 3 11 11 19 11 9 19 3 7 9 4 
16 5 20 19 17 11 18 5 5 19 6 1 1 11 19 1 5 2 1 15 3 16 10 7 19 1 20 16 5 1 1 5 20 19 14 8 17 6 1 15 9 19 11 1 6 1 13 5 1 4 20 11 13 13 4 19 19 11 15 9 4 12 13 11 7 19 1 13 8 7 12 10 17 4 19 1 3 6 14 16 16 7 4 19 15 11 11 17 5 16 18 3 9 20 15 9 7 10 3 13 
9 16 6 15 11 1 19 1 1 19 19 11 15 5 2 15 11 7 14 4 20 13 16 14 3 1 14 19 1 1 1 20 14 13 5 1 20 5 13 12 17 5 1 1 1 19 14 1 1 4 7 5 18 16 3 6 6 16 4 14 13 11 13 13 11 7 5 19 11 3 16 4 11 16 19 1 1 12 19 3 16 1 4 14 19 4 5 14 4 15 5 16 3 17 3 13 13 12 5 5 
9 16 11 17 19 1 10 11 15 19 6 6 15 1 10 6 1 6 6 14 4 19 14 9 4 8 18 1 20 3 20 19 18 9 11 13 16 5 7 6 7 5 20 14 4 5 3 6 9 5 4 16 20 7 17 16 20 3 1 1 17 1 19 15 16 11 11 4 7 3 10 11 1 5 1 15 5 11 1 13 5 1 11 9 11 17 5 13 5 3 11 11 19 11 9 19 3 7 9 4 
16 5 20 19 17 11 18 5 5 19 6 1 1 11 19 1 5 2 1 15 3 16 10 7 19 1 20 16 5 1 1 5 20 19 14 8 17 6 1 15 9 19 11 1 6 1 13 5 1 4 20 11 13 13 4 19 19 11 15 9 4 12 13 11 7 19 1 13 8 7 12 10 17 4 19 1 3 6 14 16 16 7 4 19 15 11 11 17 5 16 18 3 9 20 15 9 7 10 3 13 
9 16 6 15 11 1 19 1 1 19 19 11 15 5 2 15 11 7 14 4 20 13 16 14 3 1 14 19 1 1 1 20 14 13 5 1 20 5 13 12 17 5 1 1 1 19 14 1 1 4 7 5 18 16 3 6 6 16 4 14 13 11 13 13 11 7 5 19 11 3 16 4 11 16 19 1 1 12 19 3 16 1 4 14 19 4 5 14 4 15 5 16 3 17 3 13 13 12 5 5 
9 16 11 17 19 1 10 11 15 19 6 6 15 1 10 6 1 6 6 14 4 19 14 9 4 8 18 1 20 3 20 19 18 9 11 13 16 5 7 6 7 5 20 14 4 5 3 6 9 5 4 16 20 7 17 16 20 3 1 1 17 1 19 15 16 11 11 4 7 3 10 11 1 5 1 15 5 11 1 13 5 1 11 9 11 17 5 13 5 3 11 11 19 11 9 19 3 7 9 4 
16 5 20 19 17 11 18 5 5 19 6 1 1 11 19 1 5 2 1 15 3 16 10 7 19 1 20 16 5 1 1 5 20 19 14 8 17 6 1 15 9 19 11 1 6 1 13 5 1 4 20 11 13 13 4 19 19 11 15 9 4 12 13 11 7 19 1 13 8 7 12 10 17 4 19 1 3 6 14 16 16 7 4 19 15 11 11 17 5 16 18 3 9 20 15 9 7 10 3 13 
9 16 6 15 11 1 19 1 1 19 19 11 15 5 2 15 11 7 14 4 20 13 16 14 3 1 14 19 1 1 1 20 14 13 5 1 20 5 13 12 17 5 1 1 1 19 14 1 1 4 7 5 18 16 3 6 6 16 4 14 13 11 13 13 11 7 5 19 11 3 16 4 11 16 19 1 1 12 19 3 16 1 4 14 19 4 5 14 4 15 5 16 3 17 3 13 13 12 5 5 
9 16 11 17 19 1 10 11 15 19 6 6 15 1 10 6 1 6 6 14 4 19 14 9 4 8 18 1 20 3 20 19 18 9 11 13 16 5 7 6 7 5 20 14 4 5 3 6 9 5 4 16 20 7 17 16 20 3 1 1 17 1 19 15 16 11 11 4 7 3 10 11 1 5 1 15 5 11 1 13 5 1 11 9 11 17 5 13 5 3 11 11 19 11 9 19 3 7 9 4 
16 5 20 19 17 11 18 5 5 19 6 1 1 11 19 1 5 2 1 15 3 16 10 7 19 1 20 16 5 1 1 5 20 19 14 8 17 6 1 15 9 19 11 1 6 1 13 5 1 4 20 11 13 13 4 19 19 11 15 9 4 12 13 11 7 19 1 13 8 7 12 10 17 4 19 1 3 6 14 16 16 7 4 19 15 11 11 17 5 16 18 3 9 20 15 9 7 10 3 13 
9 16 6 15 11 1 19 1 1 19 19 11 15 5 2 15 11 7 14 4 20 13 16 14 3 1 14 19 1 1 1 20 14 13 5 1 20 5 13 12 17 5 1 1 1 19 14 1 1 4 7 5 18 16 3 6 6 16 4 14 13 11 13 13 11 7 5 19 11 3 16 4 11 16 19 1 1 12 19 3 16 1 4 14 19 4 5 14 4 15 5 16 3 17 3 13 13 12 5 5 
9 16 11 17 19 1 10 11 15 19 6 6 15 1 10 6 1 6 6 14 4 19 14 9 4 8 18 1 20 3 20 19 18 9 11 13 16 5 7 6 7 5 20 14 4 5 3 6 9 5 4 16 20 7 17 16 20 3 1 1 17 1 19 15 16 11 11 4 7 3 10 11 1 5 1 15 5 11 1 13 5 1 11 9 11 17 5 13 5 3 11 11 19 11 9 19 3 7 9 4 
16 5 20 19 17 11 18 5 5 19 6 1 1 11 19 1 5 2 1 15 3 16 10 7 19 1 20 16 5 1 1 5 20 19 14 8 17 6 1 15 9 19 11 1 6 1 13 5 1 4 20 11 13 13 4 19 19 11 15 9 4 12 13 11 7 19 1 13 8 7 12 10 17 4 19 1 3 6 14 16 16 7 4 19 15 11 11 17 5 16 18 3 9 20 15 9 7 10 3 13 
9 16 6 15 11 1 19 1 1 19 19 11 15 5 2 15 11 7 14 4 20 13 16 14 3 1 14 19 1 1 1 20 14 13 5 1 20 5 13 12 17 5 1 1 1 19 14 1 1 4 7 5 18 16 3 6 6 16 4 14 13 11 13 13 11 7 5 19 11 3 16 4 11 16 19 1 1 12 19 3 16 1 4 14 19 4 5 14 4 15 5 16 3 17 3 13 13 12 5 5 
9 16 11 17 19 1 10 11 15 19 6 6 15 1 10 6 1 6 6 14 4 19 14 9 4 8 18 1 20 3 20 19 18 9 11 13 16 5 7 6 7 5 20 14 4 5 3 6 9 5 4 16 20 7 17 16 20 3 1 1 17 1 19 15 16 11 11 4 7 3 10 11 1 5 1 15 5 11 1 13 5 1 11 9 11 17 5 13 5 3 11 11 19 11 9 19 3 7 9 4 
16 5 20 19 17 11 18 5 5 19 6 1 1 11 19 1 5 2 1 15 3 16 10 7 19 1 20 16 5 1 1 5 20 19 14 8 17 6 1 15 9 19 11 1 6 1 13 5 1 4 20 11 13 13 4 19 19 11 15 9 4 12 13 11 7 19 1 13 8 7 12 10 17 4 19 1 3 6 14 16 16 7 4 19 15 11 11 17 5 16 18 3 9 20 15 9 7 10 3 13 
9 16 6 15 11 1 19 1 1 19 19 11 15 5 2 15 11 7 14 4 20 13 16 14 3 1 14 19 1 1 1 20 14 13 5 1 20 5 13 12 17 5 1 1 1 19 14 1 1 4 7 5 18 16 3 6 6 16 4 14 13 11 13 13 11 7 5 19 11 3 16 4 11 16 19 1 1 12 19 3 16 1 4 14 19 4 5 14 4 15 5 16 3 17 3 13 13 12 5 5 
9 16 11 17 19 1 10 11 15 19 6 6 15 1 10 6 1 6 6 14 4 19 14 9 4 8 18 1 20 3 20 19 18 9 11 13 16 5 7 6 7 5 20 14 4 5 3 6 9 5 4 16 20 7 17 16 20 3 1 1 17 1 19 15 16 11 11 4 7 3 10 11 1 5 1 15 5 11 1 13 5 1 11 9 11 17 5 13 5 3 11 11 19 11 9 19 3 7 9 4 
16 5 20 19 17 11 18 5 5 19 6 1 1 11 19 1 5 2 1 15 3 16 10 7 19 1 20 16 5 1 1 5 20 19 14 8 17 6 1 15 9 19 11 1 6 1 13 5 1 4 20 11 13 13 4 19 19 11 15 9 4 12 13 11 7 19 1 13 8 7 12 10 17 4 19 1 3 6 14 16 16 7 4 19 15 11 11 17 5 16 18 3 9 20 15 9 7 10 3 13 
9 16 6 15 11 1 19 1 1 19 19 11 15 5 2 15 11 7 14 4 20 13 16 14 3 1 14 19 1 1 1 20 14 13 5 1 20 5 13 12 17 5 1 1 1 19 14 1 1 4 7 5 18 16 3 6 6 16 4 14 13 11 13 13 11 7 5 19 11 3 16 4 11 16 19 1 1 12 19 3 16 1 4 14 19 4 5 14 4 15 5 16 3 17 3 13 13 12 5 5 
9 16 11 17 19 1 10 11 15 19 6 6 15 1 10 6 1 6 6 14 4 19 14 9 4 8 18 1 20 3 20 19 18 9 11 13 16 5 7 6 7 5 20 14 4 5 3 6 9 5 4 16 20 7 17 16 20 3 1 1 17 1 19 15 16 11 11 4 7 3 10 11 1 5 1 15 5 11 1 13 5 1 11 9 11 17 5 13 5 3 11 11 19 11 9 19 3 7 9 4 
16 5 20 19 17 11 18 5 5 19 6 1 1 11 19 1 5 2 1 15 3 16 10 7 19 1 20 16 5 1 1 5 20 19 14 8 17 6 1 15 9 19 11 1 6 1 13 5 1 4 20 11 13 13 4 19 19 11 15 9 4 12 13 11 7 19 1 13 8 7 12 10 17 4 19 1 3 6 14 16 16 7 4 19 15 11 11 17 5 16 18 3 9 20 15 9 7 10 3 13 
9 16 6 15 11 1 19 1 1 19 19 11 15 5 2 15 11 7 14 4 20 13 16 14 3 1 14 19 1 1 1 20 14 13 5 1 20 5 13 12 17 5 1 1 1 19 14 1 1 4 7 5 18 16 3 6 6 16 4 14 13 11 13 13 11 7 5 19 11 3 16 4 11 16 19 1 1 12 19 3 16 1 4 14 19 4 5 14 4 15 5 16 3 17 3 13 13 12 5 5 
9 16 11 17 19 1 10 11 15 19 6 6 15 1 10 6 1 6 6 14 4 19 14 9 4 8 18 1 20 3 20 19 18 9 11 13 16 5 7 6 7 5 20 14 4 5 3 6 9 5 4 16 20 7 17 16 20 3 1 1 17 1 19 15 16 11 11 4 7 3 10 11 1 5 1 15 5 11 1 13 5 1 11 9 11 17 5 13 5 3 11 11 19 11 9 19 3 7 9 4 
16 5 20 19 17 11 18 5 5 19 6 1 1 11 19 1 5 2 1 15 3 16 10 7 19 1 20 16 5 1 1 5 20 19 14 8 17 6 1 15 9 19 11 1 6 1 13 5 1 4 20 11 13 13 4 19 19 11 15 9 4 12 13 11 7 19 1 13 8 7 12 10 17 4 19 1 3 6 14 16 16 7 4 19 15 11 11 17 5 16 18 3 9 20 15 9 7 10 3 13 
9 16 6 15 11 1 19 1 1 19 19 11 15 5 2 15 11 7 14 4 20 13 16 14 3 1 14 19 1 1 1 20 14 13 5 1 20 5 13 12 17 5 1 1 1 19 14 1 1 4 7 5 18 16 3 6 6 16 4 14 13 11 13 13 11 7 5 19 11 3 16 4 11 16 19 1 1 12 19 3 16 1 4 14 19 4 5 14 4 15 5 16 3 17 3 13 13 12 5 5 
9 16 11 17 19 1 10 11 15 19 6 6 15 1 10 6 1 6 6 14 4 19 14 9 4 8 18 1 20 3 20 19 18 9 11 13 16 5 7 6 7 5 20 14 4 5 3 6 9 5 4 16 20 7 17 16 20 3 1 1 17 1 19 15 16 11 11 4 7 3 10 11 1 5 1 15 5 11 1 13 5 1 11 9 11 17 5 13 5 3 11 11 19 11 9 19 3 7 9 4 