11 19 5 5 5 5 1 1 1 6 6 11 11 9 14 3 14 1 1 3 1 5 3 8 5 3 9 9 3 3 9 9 9 3 9 9 3 3 9 5 4 9 9 4 1 3 9 5 1 3 16 16 18 4 15 5 4 13 5 5 14 4 5 19 19 6 20 17 14 4 19 12 10 13 17 1 4 9 15 17 9 14 4 17 11 17 14 10 13 4 15 14 1 3 10 0 0 0 0 0 
17 4 1 15 9 9 15 9 16 15 11 18 7 14 7 11 19 6 7 17 11 1 1 2 1 15 1 5 20 15 20 18 8 15 8 19 1 1 4 4 9 1 13 13 16 19 19 14 15 14 19 6 20 1 11 4 17 6 17 19 12 11 5 4 1 4 16 19 20 7 17 11 16 11 9 4 3 17 16 15 15 15 16 11 16 13 4 3 9 17 14 11 0 0 0 0 0 0 0 0 
9 11 1 11 17 11 1 1 1 17 11 19 11 1 1 2 4 13 15 15 15 1 12 9 15 17 1 13 17 3 1 9 15 15 15 12 17 6 19 20 2 17 1 9 1 14 11 5 6 15 14 1 11 7 7 3 5 17 15 20 12 1 15 15 13 13 19 20 16 11 6 9 9 5 15 17 4 3 14 1 3 5 11 17 16 9 5 3 17 19 6 20 9 11 9 19 19 13 11 1 
4 9 16 11 17 14 1 19 19 6 15 19 1 11 11 8 11 1 7 19 1 11 11 18 13 1 8 9 11 14 19 7 3 15 5 19 7 3 6 19 4 11 5 4 6 5 5 5 5 5 1 14 3 5 1 5 1 14 1 1 14 3 14 13 14 1 14 4 14 9 3 14 14 9 14 19 11 14 1 19 9 14 9 14 3 9 14 1 14 3 3 5 17 4 5 5 19 0 0 0 
17 3 11 7 8 16 8 4 20 4 1 5 12 13 5 11 15 18 1 16 7 7 5 7 1 6 19 7 1 11 8 11 17 1 11 10 11 11 7 14 1 19 1 14 9 1 14 1 3 9 3 16 17 17 10 19 17 11 19 4 1 14 14 14 14 14 14 14 14 14 14 3 4 9 14 14 14 19 9 12 14 14 14 1 4 19 14 19 14 14 5 6 13 11 7 0 0 0 0 0 
9 13 8 16 7 5 11 7 15 15 19 6 7 8 7 19 11 6 1 15 6 7 15 11 19 3 19 15 8 15 4 11 15 4 5 15 14 11 15 7 3 11 19 1 1 11 11 3 13 14 13 19 1 19 1 14 3 3 19 17 15 17 3 14 3 17 6 4 3 14 3 14 4 1 7 14 3 7 17 9 3 3 9 9 14 9 3 9 9 5 9 5 12 15 1 17 15 0 0 0 
4 19 9 9 8 18 18 13 15 4 1 11 9 18 15 19 11 5 11 11 5 11 11 19 5 20 11 19 19 11 10 20 1 13 5 20 11 6 1 7 17 17 11 7 11 15 15 1 5 11 20 7 6 1 12 16 9 1 20 1 18 16 20 19 20 14 5 10 5 10 6 19 11 6 14 11 19 17 7 1 6 13 11 3 3 19 11 5 17 4 11 5 13 17 1 5 9 7 14 15 
15 11 3 1 17 13 1 14 13 14 1 12 19 11 11 3 19 12 4 11 16 19 17 6 1 17 14 4 5 4 19 17 1 19 12 11 12 6 17 11 16 1 5 3 17 11 5 7 19 5 3 15 5 15 5 9 15 13 17 1 6 1 11 10 5 11 11 1 12 5 5 5 15 1 17 6 12 16 3 7 11 11 16 13 7 6 13 14 10 11 9 10 9 20 14 8 11 5 11 3 
9 1 1 17 13 9 14 9 16 13 3 3 8 1 12 6 7 15 18 16 6 1 11 11 2 5 2 7 11 11 1 11 1 6 11 5 16 19 1 18 11 13 19 7 15 14 4 10 11 19 9 3 5 4 10 16 15 11 16 19 13 13 19 15 17 15 16 5 7 17 15 5 16 14 11 1 19 19 14 19 7 8 4 5 5 4 16 11 7 12 9 9 5 3 3 4 13 19 16 7 
12 17 6 1 16 7 10 9 16 11 1 11 17 17 1 11 2 17 1 6 7 15 1 1 8 1 4 4 11 12 7 9 17 10 7 5 19 14 13 7 4 1 3 15 20 7 11 7 4 20 12 15 5 9 19 11 1 3 13 12 1 4 19 16 16 4 14 1 11 17 10 17 15 20 19 7 5 1 10 9 9 17 7 4 17 5 12 11 6 15 16 5 6 12 15 11 16 4 4 5 
1 16 16 16 5 16 16 4 11 9 15 3 7 12 7 19 14 11 11 4 19 11 11 19 11 11 11 7 6 10 1 17 1 14 7 17 13 15 19 3 19 4 11 14 4 1 17 3 15 13 1 19 15 15 12 4 12 14 14 19 7 19 3 19 15 5 7 5 20 17 19 3 9 4 16 11 3 11 14 14 19 6 9 14 6 11 7 20 3 15 9 0 0 0 0 0 0 0 0 0 
15 13 1 12 17 16 12 15 3 3 3 19 15 15 16 16 12 12 5 17 16 11 1 5 7 11 6 11 11 17 19 11 17 17 19 19 15 5 18 19 19 11 5 18 10 3 4 1 13 16 11 14 11 15 9 11 19 11 17 5 3 16 8 20 17 16 12 4 7 16 7 11 1 11 5 3 14 17 6 10 4 7 3 11 9 13 19 4 11 7 12 15 14 14 3 3 20 0 0 0 
9 11 12 6 16 4 20 17 1 3 15 1 11 6 19 16 16 1 11 19 1 6 11 5 7 11 11 11 17 5 19 11 7 1 12 20 12 11 13 7 19 16 6 17 4 20 13 17 16 15 12 3 12 16 7 9 11 19 14 7 1 14 15 16 5 7 7 20 16 12 14 11 1 11 12 16 17 20 13 7 10 13 13 4 15 19 19 1 6 6 14 6 19 16 16 3 19 17 5 19 
15 8 3 12 1 5 17 16 16 4 6 11 20 8 1 17 1 1 17 5 19 19 19 17 5 1 1 19 18 14 11 7 12 13 10 1 15 1 4 19 9 1 10 1 15 7 6 19 4 19 15 1 19 3 19 5 17 13 11 17 19 9 18 16 5 9 14 19 7 16 4 3 9 4 7 3 11 16 15 19 5 3 12 9 3 1 17 1 4 10 2 2 15 1 5 0 0 0 0 0 
17 13 15 11 11 16 5 11 1 1 5 15 1 6 11 6 11 6 1 14 17 1 6 1 1 3 13 17 19 3 1 14 15 19 4 16 1 18 7 11 10 4 20 1 15 5 9 19 11 1 3 5 12 1 4 3 9 11 4 14 1 15 11 17 9 7 10 17 20 19 13 1 11 9 1 4 9 9 11 17 19 1 17 14 5 15 15 4 19 7 5 5 20 5 11 18 15 7 16 1 
13 13 17 20 11 15 6 16 5 7 5 9 17 6 14 5 19 9 1 11 17 4 7 15 6 4 2 20 1 5 13 19 8 1 11 5 3 12 5 1 5 9 15 17 11 11 9 7 11 15 5 12 20 1 14 17 17 5 15 19 19 7 12 5 13 3 10 15 15 4 1 1 11 12 1 5 19 7 7 20 11 19 1 7 13 11 14 16 11 9 10 3 11 9 7 6 4 7 9 5 
15 16 19 15 19 15 1 11 1 10 11 1 11 1 14 1 1 11 15 15 19 1 20 1 12 4 9 11 19 3 11 15 9 15 4 12 18 19 10 14 5 9 12 20 4 15 12 12 20 15 3 11 9 13 19 12 9 15 12 19 9 13 11 16 14 1 18 17 15 17 11 12 5 8 3 5 1 11 19 19 9 14 12 6 11 4 4 4 14 1 11 9 16 11 12 1 1 13 17 1 
15 16 19 15 19 15 1 11 1 10 11 1 11 1 14 1 1 11 15 15 5 1 20 1 12 4 9 11 19 3 11 15 9 15 4 12 18 19 10 14 5 9 12 20 4 15 12 12 6 15 4 11 9 13 7 12 9 5 12 19 9 13 11 16 14 1 18 17 15 17 11 12 5 8 3 5 1 11 19 19 9 14 12 6 11 4 4 4 14 1 11 9 5 11 12 1 1 13 17 1 
1 10 11 3 12 11 4 4 12 5 3 10 8 4 7 12 19 17 14 6 7 4 19 10 11 19 11 11 7 7 6 10 19 1 1 11 1 17 19 4 19 9 19 12 11 14 1 15 17 15 17 14 13 14 16 14 3 9 14 19 20 11 15 19 9 1 4 12 10 6 12 4 14 19 17 4 3 10 7 17 12 4 17 6 4 9 17 9 10 9 19 0 0 0 0 0 0 0 0 0 
15 9 17 13 12 4 9 11 9 16 1 7 7 7 15 1 19 11 8 19 7 11 6 1 1 11 7 18 15 15 6 4 3 12 7 1 15 1 5 5 5 5 5 15 15 7 4 1 19 10 19 4 15 5 1 19 19 3 13 20 9 16 10 13 15 13 3 15 1 9 4 3 13 16 9 10 9 13 13 1 3 3 13 11 3 9 3 9 13 11 13 1 3 1 1 9 1 1 15 1 
7 15 19 3 1 11 15 9 19 9 5 15 10 5 15 8 3 16 8 1 11 14 5 19 7 5 4 4 11 11 16 6 5 9 11 11 2 11 6 7 2 7 7 11 17 1 19 17 19 19 17 17 1 8 8 17 16 11 11 17 1 13 16 3 13 11 19 11 16 4 4 7 3 18 16 12 11 11 3 3 11 16 7 3 10 13 8 7 19 0 0 0 0 0 0 0 0 0 0 0 
9 13 9 10 7 19 1 11 7 19 7 2 7 17 1 19 19 1 1 11 19 17 16 9 4 11 2 3 19 8 7 16 17 5 13 3 19 1 19 6 17 1 20 3 15 3 0 0 0 0 0 0 0 0 0 0 0 0 0 0 0 0 0 0 0 0 0 0 0 0 0 0 0 0 0 0 0 0 0 0 0 0 0 0 0 0 0 0 0 0 0 0 0 0 0 0 0 0 0 0 
3 1 8 1 15 17 14 5 5 3 15 15 16 16 4 6 11 7 20 5 17 17 1 19 5 1 19 5 19 1 11 1 19 18 14 7 4 6 10 12 14 1 1 4 17 11 1 11 1 15 17 3 19 4 19 15 1 7 1 3 5 13 1 7 17 19 17 18 5 9 6 19 16 8 16 17 13 3 7 19 16 16 4 17 16 19 13 19 19 5 5 15 16 14 11 0 0 0 0 0 
17 5 4 17 17 13 4 3 11 12 3 1 1 10 16 4 16 1 15 16 4 3 3 16 1 11 16 11 5 18 18 11 19 11 1 6 5 5 6 11 11 18 1 11 11 1 14 11 4 9 5 19 1 19 13 5 12 19 19 19 15 5 12 16 9 19 7 13 10 13 7 19 4 16 7 13 19 4 5 4 1 11 12 4 17 15 3 13 7 13 15 7 3 15 16 11 17 14 13 3 
7 9 3 11 17 9 15 20 16 17 14 17 5 16 8 20 19 6 9 12 11 12 7 7 6 14 9 5 20 12 7 1 11 7 5 12 5 1 5 9 15 17 11 11 16 7 7 5 5 7 4 16 14 4 15 5 12 7 7 17 3 8 9 7 15 18 14 19 11 1 6 13 5 15 11 17 5 3 12 19 19 4 3 3 6 19 3 20 4 10 11 1 9 2 15 0 0 0 0 0 
7 9 3 11 17 9 15 20 16 17 14 17 5 16 8 20 19 6 9 4 11 12 7 3 7 14 15 5 9 15 19 1 6 7 5 12 5 1 5 9 15 17 11 11 16 10 7 5 5 7 4 16 14 4 15 5 9 7 7 17 12 9 17 7 15 18 14 19 11 1 6 13 5 15 11 17 5 3 12 19 19 3 3 3 6 19 3 20 4 10 11 1 16 2 1 0 0 0 0 0 
17 11 11 16 16 6 14 18 14 17 11 11 15 19 5 7 8 5 1 19 19 1 5 11 11 20 17 15 19 8 13 19 7 3 11 1 14 1 13 14 7 17 19 17 10 19 15 14 1 4 11 3 14 14 13 1 19 13 14 14 14 3 14 19 19 3 14 3 3 14 3 14 7 14 3 14 14 3 1 14 7 9 14 9 19 9 9 3 9 6 1 14 1 13 14 15 11 0 0 0 
14 11 9 6 11 12 16 16 7 15 19 14 6 19 11 15 19 5 11 8 15 1 11 19 1 5 11 11 20 1 15 19 9 3 19 3 11 14 9 14 3 4 1 14 7 15 19 10 10 19 12 17 1 1 10 1 3 14 14 14 14 1 14 1 3 14 3 14 13 19 3 14 3 14 3 14 3 7 19 3 14 14 19 9 9 14 9 9 3 15 12 19 16 16 14 3 9 0 0 0 
4 19 9 9 8 18 18 13 15 4 13 11 9 18 15 19 7 5 11 11 5 11 11 19 5 20 11 19 19 11 10 20 19 13 5 20 11 6 1 7 10 17 11 7 11 15 15 1 5 11 20 7 6 1 12 16 9 17 20 1 18 16 20 19 20 14 5 11 5 10 6 19 11 6 14 11 19 17 7 1 6 13 11 3 13 19 11 5 17 4 11 5 13 4 1 5 9 7 14 15 
16 11 10 5 11 16 17 18 11 11 1 17 19 19 5 18 1 11 11 19 2 19 11 1 19 1 5 11 5 9 16 19 3 11 11 4 4 14 1 11 19 13 16 11 14 1 11 14 1 14 1 14 3 16 11 5 14 6 3 9 20 1 3 7 1 1 8 14 6 1 16 11 14 8 14 6 6 15 5 12 15 11 17 11 17 6 9 14 4 1 20 17 19 5 5 1 16 0 0 0 
1 13 4 19 16 16 15 13 14 1 14 15 16 16 9 9 15 17 15 16 9 9 13 16 12 19 14 1 19 15 14 1 10 19 1 1 1 1 19 11 19 17 6 7 5 5 11 20 6 7 17 8 8 9 9 3 3 15 3 17 11 13 15 13 9 19 17 5 5 11 9 14 3 3 16 18 16 7 9 3 15 14 17 15 3 19 9 3 16 10 14 11 13 1 3 13 1 0 0 0 
16 9 18 1 11 16 16 14 15 1 16 18 15 19 11 1 11 19 1 7 5 7 19 7 5 7 1 11 7 19 11 14 8 19 5 9 19 17 15 17 17 3 6 2 19 15 2 8 15 10 13 14 19 20 3 3 20 9 13 15 19 8 6 13 12 1 15 5 16 1 8 4 2 8 7 14 14 7 14 5 9 4 7 17 8 15 7 1 16 16 12 8 16 1 1 5 11 4 11 2 
1 4 4 4 9 13 19 12 17 1 5 1 18 14 7 1 17 5 5 20 20 15 13 8 12 15 14 11 1 13 7 12 9 15 12 9 12 19 9 1 1 18 15 6 15 17 5 19 11 12 5 8 3 5 1 14 11 19 7 5 4 10 10 20 19 8 15 1 14 12 20 1 11 12 11 12 4 5 9 7 13 15 17 19 4 19 19 1 13 11 4 17 14 4 17 17 3 15 7 17 
6 9 16 19 17 11 11 14 11 6 19 11 11 1 1 2 15 15 9 14 9 14 17 3 17 4 17 17 17 5 17 14 15 5 5 11 11 3 14 13 8 12 19 10 13 10 5 5 4 6 1 12 12 14 12 1 13 13 6 7 4 9 10 19 12 9 8 5 4 16 11 13 3 7 11 15 13 9 16 11 19 1 14 15 14 15 5 20 9 12 6 3 7 17 16 13 10 5 13 6 
13 13 9 15 11 11 5 11 11 7 15 11 7 1 8 5 7 19 7 5 6 7 11 18 12 18 12 3 14 15 4 15 1 12 15 13 5 4 7 15 17 15 7 15 10 3 11 11 13 5 10 19 11 3 3 14 1 14 3 14 3 4 19 13 9 3 14 3 3 14 5 12 19 13 9 3 14 14 3 9 7 14 3 9 14 3 9 9 9 3 13 12 1 1 1 1 19 0 0 0 
9 9 4 7 12 7 7 14 6 7 4 7 10 11 19 11 11 17 19 19 11 7 17 1 15 6 7 15 13 5 9 7 13 19 12 14 9 1 15 17 1 19 1 6 9 15 4 3 11 1 9 11 11 17 19 17 1 4 9 13 11 20 6 12 4 9 14 7 13 3 3 1 3 7 1 13 18 9 4 13 17 15 6 6 17 4 10 12 1 15 12 0 0 0 0 0 0 0 0 0 
17 11 11 16 16 6 14 18 14 17 11 11 15 19 1 7 8 5 1 19 19 1 5 11 11 20 17 15 19 8 13 19 7 3 13 15 14 17 13 14 7 3 7 17 10 19 1 14 1 4 11 3 14 14 14 1 13 14 19 19 3 14 19 19 3 14 3 14 14 3 19 19 14 3 14 14 9 1 19 19 9 9 14 9 3 9 9 19 14 6 12 17 14 16 19 14 17 0 0 0 
17 11 11 16 16 6 14 18 14 17 11 11 15 19 1 7 8 5 1 19 19 1 5 11 11 20 17 15 19 8 13 19 7 3 9 15 14 15 13 14 7 3 7 17 10 19 1 14 1 4 11 3 14 14 13 1 1 13 14 19 19 3 14 19 19 3 14 3 3 14 3 19 19 14 3 14 14 3 19 14 7 9 14 9 9 14 3 3 9 6 12 17 14 16 5 14 17 0 0 0 
6 4 10 19 17 9 1 1 5 1 11 7 5 15 11 11 6 11 11 11 10 15 18 1 1 15 5 7 6 8 19 5 17 15 5 5 1 3 5 3 3 8 1 13 1 20 17 20 14 19 3 15 1 5 5 1 3 5 3 1 19 4 3 5 14 4 6 1 19 11 1 4 14 1 1 5 3 19 6 5 9 12 4 5 12 5 19 19 5 8 18 9 5 3 4 0 0 0 0 0 
9 12 1 14 7 19 19 19 9 16 16 16 8 9 14 8 5 5 5 1 8 5 15 18 9 7 1 20 1 4 6 10 17 1 10 1 6 6 11 19 10 18 11 7 15 7 15 15 14 9 3 11 7 13 7 1 3 20 6 16 17 14 11 1 17 1 19 17 5 12 1 12 15 3 15 14 7 5 5 5 20 3 9 12 11 9 9 12 11 15 11 7 12 9 17 3 19 0 0 0 
1 9 12 14 17 3 2 14 1 5 3 9 18 1 19 14 20 1 4 6 11 15 11 11 11 1 11 6 7 1 11 20 1 7 15 19 12 9 15 9 19 3 1 11 9 17 3 6 7 9 7 6 12 20 1 14 9 14 3 1 10 13 14 19 19 19 7 14 4 15 3 3 3 13 10 1 15 15 15 9 15 17 7 9 15 19 11 7 9 1 1 14 7 6 17 12 16 0 0 0 
4 9 16 11 17 14 1 19 19 6 15 19 1 11 11 8 11 1 10 19 1 11 11 18 13 1 8 9 11 14 19 7 3 15 5 19 7 3 6 19 4 11 5 4 6 5 5 5 4 5 1 14 3 5 1 5 1 14 1 1 14 3 14 13 14 19 14 3 14 9 3 14 14 9 14 19 11 14 19 19 9 14 9 14 3 9 14 14 14 14 14 4 12 5 17 19 15 0 0 0 
4 9 16 11 17 14 1 19 19 6 15 19 1 11 11 8 11 1 10 19 1 11 11 18 13 1 8 9 11 14 19 7 3 15 5 19 7 3 6 19 4 11 5 4 6 5 5 5 4 5 1 14 3 5 1 5 1 14 1 1 14 3 14 13 14 19 14 3 14 9 3 14 14 9 14 19 11 14 19 19 9 14 9 14 3 9 14 14 14 14 14 4 12 5 17 19 15 0 0 0 
9 9 9 19 9 9 16 20 19 7 1 11 19 7 19 7 1 5 11 7 17 11 18 16 7 11 12 1 14 19 14 17 20 13 17 7 19 16 14 5 4 11 13 13 15 19 11 1 17 5 9 11 4 1 11 16 9 19 4 19 5 1 13 19 15 5 13 11 17 11 1 7 5 4 9 19 9 4 13 11 19 12 13 3 17 11 10 13 3 20 13 10 1 7 4 19 1 16 9 3 
4 9 16 11 17 14 1 19 19 6 15 19 1 11 11 8 11 1 10 19 1 11 11 18 13 1 8 9 11 14 19 7 3 15 5 19 7 3 6 19 4 11 5 4 6 5 5 5 4 5 1 14 3 5 1 5 1 14 1 1 14 3 14 13 14 3 14 3 14 9 3 14 14 9 14 19 11 14 19 11 16 11 16 16 9 15 16 13 11 16 16 4 12 5 17 15 11 0 0 0 
7 16 16 2 1 2 19 11 1 11 5 10 11 17 5 6 17 8 1 6 5 15 9 4 1 1 1 4 5 9 14 11 19 19 17 7 5 10 7 1 4 1 19 9 12 7 1 13 5 4 19 8 11 9 5 11 10 5 14 5 19 4 14 8 11 20 17 1 1 5 3 18 11 5 12 1 4 7 11 20 11 3 19 9 15 16 11 7 19 3 8 2 5 6 17 1 1 0 0 0 
15 12 3 8 1 5 17 16 16 4 6 11 20 20 1 17 1 5 1 5 1 19 1 17 5 1 1 19 18 14 11 7 12 13 10 14 15 1 4 19 13 1 11 1 15 7 6 19 4 19 15 15 19 3 14 5 19 13 11 17 19 9 6 11 5 9 14 7 7 16 17 3 1 4 7 3 11 16 15 19 5 16 12 7 1 3 1 4 1 2 5 5 15 16 9 0 0 0 0 0 
17 9 16 12 11 1 16 20 15 5 15 11 1 11 19 11 5 19 8 1 19 1 19 11 11 17 11 12 18 15 19 14 13 1 7 11 14 14 1 1 10 10 19 3 11 1 14 11 14 3 14 1 14 14 14 14 14 9 1 1 14 13 14 14 1 14 19 3 11 14 9 11 19 3 1 14 9 9 7 1 9 14 13 9 9 14 3 17 3 14 15 4 11 16 20 11 12 0 0 0 
13 11 9 6 11 5 16 18 11 17 18 14 11 1 6 15 19 5 7 8 5 15 19 7 1 1 11 11 20 19 15 19 3 13 10 7 13 14 3 7 3 4 1 14 7 1 19 17 10 19 12 7 4 17 6 1 1 14 13 14 1 1 1 3 14 13 1 3 3 14 3 14 3 14 3 14 7 3 1 14 14 14 19 14 9 14 9 19 9 9 14 19 9 5 19 13 10 0 0 0 
12 5 9 7 20 11 5 7 5 11 19 1 11 11 10 7 6 7 20 18 11 10 14 9 4 17 1 12 1 15 15 13 7 3 15 12 1 15 1 7 7 1 17 15 14 5 13 13 12 13 11 15 3 12 17 17 14 6 5 15 19 15 13 8 4 17 13 19 2 13 11 12 1 1 12 8 11 19 12 3 16 17 13 3 17 13 7 6 13 1 18 9 20 6 17 18 1 19 7 1 
15 14 14 16 15 14 4 16 6 15 11 1 1 11 1 3 4 8 14 17 1 14 1 13 5 4 3 15 3 15 11 14 2 19 12 13 16 5 3 14 12 11 16 19 19 4 2 15 5 1 16 16 4 3 3 19 1 19 3 3 19 11 7 14 20 1 8 5 4 14 19 14 5 3 14 14 9 16 18 18 15 19 1 5 18 19 10 11 8 12 11 14 14 14 9 5 15 5 9 9 
9 8 11 11 11 1 11 1 15 19 6 1 19 15 12 13 1 11 1 20 4 5 13 12 2 9 3 14 5 12 2 18 3 12 9 5 20 14 3 9 7 1 5 15 9 20 4 14 9 8 4 14 19 3 11 12 9 13 3 3 15 7 9 1 10 4 1 16 1 9 1 12 1 9 15 15 5 6 19 6 9 0 0 0 0 0 0 0 0 0 0 0 0 0 0 0 0 0 0 0 
12 16 12 7 9 1 1 15 2 5 1 11 11 17 5 1 11 14 15 19 15 8 1 1 1 3 12 16 14 14 7 14 5 15 11 10 11 20 4 15 17 11 2 19 5 2 13 1 2 19 17 9 2 13 4 7 12 6 14 3 16 12 14 13 5 3 13 17 15 12 9 11 15 14 20 17 12 7 7 13 17 4 13 12 20 7 9 4 12 11 14 19 12 4 20 3 8 5 4 0 
1 7 12 5 15 16 16 11 11 19 17 11 17 1 11 6 1 1 11 2 5 11 20 11 11 7 5 5 5 18 11 19 1 7 5 15 18 20 20 14 7 1 5 11 19 10 11 5 19 1 18 10 11 18 16 15 9 16 1 1 11 18 11 20 1 1 11 11 5 17 18 5 19 18 3 19 5 4 6 18 17 6 6 18 14 6 19 1 5 11 5 4 3 19 1 4 11 13 12 11 
12 13 17 16 15 5 11 17 17 6 17 19 7 7 7 5 11 11 1 11 6 11 11 7 5 5 7 18 11 1 17 11 5 5 15 20 20 7 7 1 5 19 11 11 11 7 19 1 18 13 11 20 9 16 1 15 17 1 11 18 6 20 1 1 11 10 11 5 7 7 19 18 3 19 5 17 4 18 1 11 16 5 11 11 19 17 16 15 19 7 19 3 19 3 15 10 7 5 19 20 
17 11 11 16 16 6 14 18 14 17 11 11 15 19 2 7 8 5 1 19 19 1 5 11 11 20 17 15 19 8 13 19 7 3 11 1 14 1 13 14 7 15 19 17 10 19 17 14 1 4 11 3 14 14 13 1 19 13 14 14 14 3 14 19 19 3 14 3 3 14 7 14 3 14 14 9 3 14 19 19 9 9 14 19 13 3 13 19 15 1 11 14 16 20 14 19 12 0 0 0 
9 12 1 14 7 7 19 19 9 16 16 9 1 9 15 8 5 1 1 8 5 15 18 9 7 1 20 1 4 6 10 17 1 10 10 6 6 11 19 10 18 11 7 15 7 15 15 14 9 3 11 7 13 7 1 3 20 6 16 17 14 11 1 17 1 19 17 5 4 16 12 15 3 15 14 7 14 5 5 4 17 9 13 7 9 9 16 9 16 4 16 7 16 17 5 11 19 0 0 0 
15 3 9 15 12 11 1 14 6 16 11 11 19 9 11 17 12 5 19 5 4 3 6 14 11 20 20 5 12 12 11 7 19 11 5 17 7 3 17 11 3 6 5 12 4 12 6 14 3 12 7 7 14 19 17 4 15 9 15 4 5 7 7 20 11 17 7 15 4 12 13 6 15 4 3 9 5 13 7 4 15 4 5 6 12 10 16 7 12 6 19 7 4 5 7 11 11 15 8 20 
